1 1
2 1
3 1
4 1
5 1
6 1
7 1
8 1
9 1
10 1
11 1
12 1
13 1
14 1
15 1
16 1
17 1
18 1
19 1
20 1
21 1
22 1
23 1
24 1
25 1
26 1
27 1
28 1
29 1
30 1
31 1
32 1
33 1
34 1
35 1
36 1
37 1
38 1
39 1
40 1
41 1
42 1
43 1
44 1
45 1
46 1
47 1
48 1
49 1
50 1
51 1
1 2
2 2
3 2
4 2
5 2
6 2
7 2
8 2
9 2
10 2
11 2
12 2
13 2
14 2
15 2
16 2
17 2
18 2
19 2
20 2
21 2
22 2
23 2
24 2
25 2
26 2
27 2
28 2
29 2
30 2
31 2
32 2
33 2
34 2
35 2
36 2
37 2
38 2
39 2
40 2
41 2
42 2
43 2
44 2
45 2
46 2
1 3
2 3
3 3
4 3
5 3
6 3
7 3
8 3
9 3
10 3
11 3
12 3
13 3
14 3
15 3
16 3
17 3
18 3
19 3
20 3
21 3
22 3
23 3
24 3
25 3
26 3
27 3
28 3
29 3
30 3
31 3
32 3
33 3
34 3
35 3
36 3
37 3
38 3
39 3
40 3
41 3
42 3
1 4
2 4
3 4
4 4
5 4
6 4
7 4
8 4
9 4
10 4
11 4
12 4
13 4
14 4
15 4
16 4
17 4
18 4
19 4
20 4
21 4
22 4
23 4
24 4
25 4
26 4
27 4
28 4
29 4
30 4
31 4
32 4
33 4
34 4
35 4
36 4
37 4
1 5
2 5
3 5
4 5
5 5
6 5
7 5
8 5
9 5
10 5
11 5
12 5
13 5
14 5
15 5
16 5
17 5
18 5
19 5
20 5
21 5
22 5
23 5
24 5
25 5
26 5
27 5
28 5
29 5
30 5
31 5
32 5
33 5
34 5
35 5
36 5
1 6
2 6
3 6
4 6
5 6
6 6
7 6
8 6
9 6
10 6
11 6
12 6
13 6
14 6
15 6
16 6
17 6
18 6
19 6
20 6
21 6
22 6
23 6
24 6
25 6
26 6
27 6
28 6
29 6
30 6
31 6
32 6
33 6
34 6
35 6
1 7
2 7
3 7
4 7
5 7
6 7
7 7
8 7
9 7
10 7
11 7
12 7
13 7
14 7
15 7
16 7
17 7
18 7
19 7
20 7
21 7
22 7
23 7
24 7
25 7
26 7
27 7
28 7
29 7
30 7
31 7
32 7
33 7
1 8
2 8
3 8
4 8
5 8
6 8
7 8
8 8
9 8
10 8
11 8
12 8
13 8
14 8
15 8
16 8
17 8
18 8
19 8
20 8
21 8
22 8
23 8
24 8
25 8
26 8
27 8
28 8
29 8
30 8
31 8
32 8
1 9
2 9
3 9
4 9
5 9
6 9
7 9
8 9
9 9
10 9
11 9
12 9
13 9
14 9
15 9
16 9
17 9
18 9
19 9
20 9
21 9
22 9
23 9
24 9
25 9
26 9
27 9
28 9
29 9
30 9
31 9
1 10
2 10
3 10
4 10
5 10
6 10
7 10
8 10
9 10
10 10
11 10
12 10
13 10
14 10
15 10
16 10
17 10
18 10
19 10
20 10
21 10
22 10
23 10
24 10
25 10
26 10
27 10
28 10
29 10
30 10
1 11
2 11
3 11
4 11
5 11
6 11
7 11
8 11
9 11
10 11
11 11
12 11
13 11
14 11
15 11
16 11
17 11
18 11
19 11
20 11
21 11
22 11
23 11
24 11
25 11
26 11
27 11
28 11
29 11
1 12
2 12
3 12
4 12
5 12
6 12
7 12
8 12
9 12
10 12
11 12
12 12
13 12
14 12
15 12
16 12
17 12
18 12
19 12
20 12
21 12
22 12
23 12
24 12
25 12
26 12
27 12
28 12
1 13
2 13
3 13
4 13
5 13
6 13
7 13
8 13
9 13
10 13
11 13
12 13
13 13
14 13
15 13
16 13
17 13
18 13
19 13
20 13
21 13
22 13
23 13
24 13
25 13
26 13
27 13
28 13
1 14
2 14
3 14
4 14
5 14
6 14
7 14
8 14
9 14
10 14
11 14
12 14
13 14
14 14
15 14
16 14
17 14
18 14
19 14
20 14
21 14
22 14
23 14
24 14
25 14
26 14
27 14
28 14
1 15
2 15
3 15
4 15
5 15
6 15
7 15
8 15
9 15
10 15
11 15
12 15
13 15
14 15
15 15
16 15
17 15
18 15
19 15
20 15
21 15
22 15
23 15
24 15
25 15
26 15
27 15
1 16
2 16
3 16
4 16
5 16
6 16
7 16
8 16
9 16
10 16
11 16
12 16
13 16
14 16
15 16
16 16
17 16
18 16
19 16
20 16
21 16
22 16
23 16
24 16
25 16
26 16
27 16
1 17
2 17
3 17
4 17
5 17
6 17
7 17
8 17
9 17
10 17
11 17
12 17
13 17
14 17
15 17
16 17
17 17
18 17
19 17
20 17
21 17
22 17
23 17
24 17
25 17
26 17
1 18
2 18
3 18
4 18
5 18
6 18
7 18
8 18
9 18
10 18
11 18
12 18
13 18
14 18
15 18
16 18
17 18
18 18
19 18
20 18
21 18
22 18
23 18
24 18
25 18
26 18
1 19
2 19
3 19
4 19
5 19
6 19
7 19
8 19
9 19
10 19
11 19
12 19
13 19
14 19
15 19
16 19
17 19
18 19
19 19
20 19
21 19
22 19
23 19
24 19
25 19
26 19
1 20
2 20
3 20
4 20
5 20
6 20
7 20
8 20
9 20
10 20
11 20
12 20
13 20
14 20
15 20
16 20
17 20
18 20
19 20
20 20
21 20
22 20
23 20
24 20
1 21
2 21
3 21
4 21
5 21
6 21
7 21
8 21
9 21
10 21
11 21
12 21
13 21
14 21
15 21
16 21
17 21
18 21
19 21
20 21
21 21
22 21
23 21
24 21
1 22
2 22
3 22
4 22
5 22
6 22
7 22
8 22
9 22
10 22
11 22
12 22
13 22
14 22
15 22
16 22
17 22
18 22
19 22
20 22
21 22
22 22
23 22
24 22
1 23
2 23
3 23
4 23
5 23
6 23
7 23
8 23
9 23
10 23
11 23
12 23
13 23
14 23
15 23
16 23
17 23
18 23
19 23
20 23
21 23
22 23
23 23
24 23
1 24
2 24
3 24
4 24
5 24
6 24
7 24
8 24
9 24
10 24
11 24
12 24
13 24
14 24
15 24
16 24
17 24
18 24
19 24
20 24
21 24
22 24
23 24
1 25
2 25
3 25
4 25
5 25
6 25
7 25
8 25
9 25
10 25
11 25
12 25
13 25
14 25
15 25
16 25
17 25
18 25
19 25
20 25
21 25
22 25
23 25
1 26
2 26
3 26
4 26
5 26
6 26
7 26
8 26
9 26
10 26
11 26
12 26
13 26
14 26
15 26
16 26
17 26
18 26
19 26
20 26
21 26
22 26
23 26
1 27
2 27
3 27
4 27
5 27
6 27
7 27
8 27
9 27
10 27
11 27
12 27
13 27
14 27
15 27
16 27
17 27
18 27
19 27
20 27
21 27
22 27
1 28
2 28
3 28
4 28
5 28
6 28
7 28
8 28
9 28
10 28
11 28
12 28
13 28
14 28
15 28
16 28
17 28
18 28
19 28
20 28
21 28
22 28
1 29
2 29
3 29
4 29
5 29
6 29
7 29
8 29
9 29
10 29
11 29
12 29
13 29
14 29
15 29
16 29
17 29
18 29
19 29
20 29
21 29
22 29
1 30
2 30
3 30
4 30
5 30
6 30
7 30
8 30
9 30
10 30
11 30
12 30
13 30
14 30
15 30
16 30
17 30
18 30
19 30
20 30
21 30
1 31
2 31
3 31
4 31
5 31
6 31
7 31
8 31
9 31
10 31
11 31
12 31
13 31
14 31
15 31
16 31
17 31
18 31
19 31
20 31
21 31
1 32
2 32
3 32
4 32
5 32
6 32
7 32
8 32
9 32
10 32
11 32
12 32
13 32
14 32
15 32
16 32
17 32
18 32
19 32
20 32
21 32
1 33
2 33
3 33
4 33
5 33
6 33
7 33
8 33
9 33
10 33
11 33
12 33
13 33
14 33
15 33
16 33
17 33
18 33
19 33
20 33
21 33
1 34
2 34
3 34
4 34
5 34
6 34
7 34
8 34
9 34
10 34
11 34
12 34
13 34
14 34
15 34
16 34
17 34
18 34
19 34
20 34
1 35
2 35
3 35
4 35
5 35
6 35
7 35
8 35
9 35
10 35
11 35
12 35
13 35
14 35
15 35
16 35
17 35
18 35
19 35
20 35
1 36
2 36
3 36
4 36
5 36
6 36
7 36
8 36
9 36
10 36
11 36
12 36
13 36
14 36
15 36
16 36
17 36
18 36
19 36
20 36
1 37
2 37
3 37
4 37
5 37
6 37
7 37
8 37
9 37
10 37
11 37
12 37
13 37
14 37
15 37
16 37
17 37
18 37
19 37
20 37
1 38
2 38
3 38
4 38
5 38
6 38
7 38
8 38
9 38
10 38
11 38
12 38
13 38
14 38
15 38
16 38
17 38
18 38
19 38
1 39
2 39
3 39
4 39
5 39
6 39
7 39
8 39
9 39
10 39
11 39
12 39
13 39
14 39
15 39
16 39
17 39
18 39
19 39
1 40
2 40
3 40
4 40
5 40
6 40
7 40
8 40
9 40
10 40
11 40
12 40
13 40
14 40
15 40
16 40
17 40
18 40
19 40
1 41
2 41
3 41
4 41
5 41
6 41
7 41
8 41
9 41
10 41
11 41
12 41
13 41
14 41
15 41
16 41
17 41
18 41
19 41
1 42
2 42
3 42
4 42
5 42
6 42
7 42
8 42
9 42
10 42
11 42
12 42
13 42
14 42
15 42
16 42
17 42
18 42
19 42
1 43
2 43
3 43
4 43
5 43
6 43
7 43
8 43
9 43
10 43
11 43
12 43
13 43
14 43
15 43
16 43
17 43
18 43
1 44
2 44
3 44
4 44
5 44
6 44
7 44
8 44
9 44
10 44
11 44
12 44
13 44
14 44
15 44
16 44
17 44
18 44
1 45
2 45
3 45
4 45
5 45
6 45
7 45
8 45
9 45
10 45
11 45
12 45
13 45
14 45
15 45
16 45
17 45
18 45
1 46
2 46
3 46
4 46
5 46
6 46
7 46
8 46
9 46
10 46
11 46
12 46
13 46
14 46
15 46
16 46
17 46
18 46
1 47
2 47
3 47
4 47
5 47
6 47
7 47
8 47
9 47
10 47
11 47
12 47
13 47
14 47
15 47
16 47
17 47
18 47
1 48
2 48
3 48
4 48
5 48
6 48
7 48
8 48
9 48
10 48
11 48
12 48
13 48
14 48
15 48
16 48
17 48
1 49
2 49
3 49
4 49
5 49
6 49
7 49
8 49
9 49
10 49
11 49
12 49
13 49
14 49
15 49
16 49
17 49
1 50
2 50
3 50
4 50
5 50
6 50
7 50
8 50
9 50
10 50
11 50
12 50
13 50
14 50
15 50
16 50
17 50
1 51
2 51
3 51
4 51
5 51
6 51
7 51
8 51
9 51
10 51
11 51
12 51
13 51
14 51
15 51
16 51
17 51
1 52
2 52
3 52
4 52
5 52
6 52
7 52
8 52
9 52
10 52
11 52
12 52
13 52
14 52
15 52
16 52
1 53
2 53
3 53
4 53
5 53
6 53
7 53
8 53
9 53
10 53
11 53
12 53
13 53
14 53
15 53
16 53
1 54
2 54
3 54
4 54
5 54
6 54
7 54
8 54
9 54
10 54
11 54
12 54
13 54
14 54
15 54
16 54
1 55
2 55
3 55
4 55
5 55
6 55
7 55
8 55
9 55
10 55
11 55
12 55
13 55
14 55
15 55
16 55
1 56
2 56
3 56
4 56
5 56
6 56
7 56
8 56
9 56
10 56
11 56
12 56
13 56
14 56
15 56
16 56
1 57
2 57
3 57
4 57
5 57
6 57
7 57
8 57
9 57
10 57
11 57
12 57
13 57
14 57
15 57
16 57
1 58
2 58
3 58
4 58
5 58
6 58
7 58
8 58
9 58
10 58
11 58
12 58
13 58
14 58
15 58
1 59
2 59
3 59
4 59
5 59
6 59
7 59
8 59
9 59
10 59
11 59
12 59
13 59
14 59
15 59
1 60
2 60
3 60
4 60
5 60
6 60
7 60
8 60
9 60
10 60
11 60
12 60
13 60
14 60
15 60
1 61
2 61
3 61
4 61
5 61
6 61
7 61
8 61
9 61
10 61
11 61
12 61
13 61
14 61
15 61
1 62
2 62
3 62
4 62
5 62
6 62
7 62
8 62
9 62
10 62
11 62
12 62
13 62
14 62
15 62
1 63
2 63
3 63
4 63
5 63
6 63
7 63
8 63
9 63
10 63
11 63
12 63
13 63
14 63
15 63
1 64
2 64
3 64
4 64
5 64
6 64
7 64
8 64
9 64
10 64
11 64
12 64
13 64
14 64
15 64
1 65
2 65
3 65
4 65
5 65
6 65
7 65
8 65
9 65
10 65
11 65
12 65
13 65
14 65
15 65
1 66
2 66
3 66
4 66
5 66
6 66
7 66
8 66
9 66
10 66
11 66
12 66
13 66
14 66
15 66
1 67
2 67
3 67
4 67
5 67
6 67
7 67
8 67
9 67
10 67
11 67
12 67
13 67
14 67
15 67
1 68
2 68
3 68
4 68
5 68
6 68
7 68
8 68
9 68
10 68
11 68
12 68
13 68
14 68
15 68
1 69
2 69
3 69
4 69
5 69
6 69
7 69
8 69
9 69
10 69
11 69
12 69
13 69
14 69
1 70
2 70
3 70
4 70
5 70
6 70
7 70
8 70
9 70
10 70
11 70
12 70
13 70
14 70
1 71
2 71
3 71
4 71
5 71
6 71
7 71
8 71
9 71
10 71
11 71
12 71
13 71
14 71
1 72
2 72
3 72
4 72
5 72
6 72
7 72
8 72
9 72
10 72
11 72
12 72
13 72
14 72
1 73
2 73
3 73
4 73
5 73
6 73
7 73
8 73
9 73
10 73
11 73
12 73
13 73
14 73
1 74
2 74
3 74
4 74
5 74
6 74
7 74
8 74
9 74
10 74
11 74
12 74
13 74
14 74
1 75
2 75
3 75
4 75
5 75
6 75
7 75
8 75
9 75
10 75
11 75
12 75
13 75
14 75
1 76
2 76
3 76
4 76
5 76
6 76
7 76
8 76
9 76
10 76
11 76
12 76
13 76
14 76
1 77
2 77
3 77
4 77
5 77
6 77
7 77
8 77
9 77
10 77
11 77
12 77
13 77
14 77
1 78
2 78
3 78
4 78
5 78
6 78
7 78
8 78
9 78
10 78
11 78
12 78
13 78
14 78
1 79
2 79
3 79
4 79
5 79
6 79
7 79
8 79
9 79
10 79
11 79
12 79
13 79
14 79
1 80
2 80
3 80
4 80
5 80
6 80
7 80
8 80
9 80
10 80
11 80
12 80
13 80
1 81
2 81
3 81
4 81
5 81
6 81
7 81
8 81
9 81
10 81
11 81
12 81
13 81
1 82
2 82
3 82
4 82
5 82
6 82
7 82
8 82
9 82
10 82
11 82
12 82
13 82
1 83
2 83
3 83
4 83
5 83
6 83
7 83
8 83
9 83
10 83
11 83
12 83
13 83
1 84
2 84
3 84
4 84
5 84
6 84
7 84
8 84
9 84
10 84
11 84
12 84
13 84
1 85
2 85
3 85
4 85
5 85
6 85
7 85
8 85
9 85
10 85
11 85
12 85
13 85
1 86
2 86
3 86
4 86
5 86
6 86
7 86
8 86
9 86
10 86
11 86
12 86
13 86
1 87
2 87
3 87
4 87
5 87
6 87
7 87
8 87
9 87
10 87
11 87
12 87
13 87
1 88
2 88
3 88
4 88
5 88
6 88
7 88
8 88
9 88
10 88
11 88
12 88
13 88
1 89
2 89
3 89
4 89
5 89
6 89
7 89
8 89
9 89
10 89
11 89
12 89
13 89
1 90
2 90
3 90
4 90
5 90
6 90
7 90
8 90
9 90
10 90
11 90
12 90
13 90
1 91
2 91
3 91
4 91
5 91
6 91
7 91
8 91
9 91
10 91
11 91
12 91
13 91
1 92
2 92
3 92
4 92
5 92
6 92
7 92
8 92
9 92
10 92
11 92
12 92
13 92
1 93
2 93
3 93
4 93
5 93
6 93
7 93
8 93
9 93
10 93
11 93
12 93
13 93
1 94
2 94
3 94
4 94
5 94
6 94
7 94
8 94
9 94
10 94
11 94
12 94
1 95
2 95
3 95
4 95
5 95
6 95
7 95
8 95
9 95
10 95
11 95
12 95
1 96
2 96
3 96
4 96
5 96
6 96
7 96
8 96
9 96
10 96
11 96
12 96
1 97
2 97
3 97
4 97
5 97
6 97
7 97
8 97
9 97
10 97
11 97
12 97
1 98
2 98
3 98
4 98
5 98
6 98
7 98
8 98
9 98
10 98
11 98
12 98
1 99
2 99
3 99
4 99
5 99
6 99
7 99
8 99
9 99
10 99
11 99
12 99
1 100
2 100
3 100
4 100
5 100
6 100
7 100
8 100
9 100
10 100
11 100
12 100
1 101
2 101
3 101
4 101
5 101
6 101
7 101
8 101
9 101
10 101
11 101
12 101
1 102
2 102
3 102
4 102
5 102
6 102
7 102
8 102
9 102
10 102
11 102
12 102
1 103
2 103
3 103
4 103
5 103
6 103
7 103
8 103
9 103
10 103
11 103
12 103
1 104
2 104
3 104
4 104
5 104
6 104
7 104
8 104
9 104
10 104
11 104
12 104
1 105
2 105
3 105
4 105
5 105
6 105
7 105
8 105
9 105
10 105
11 105
1 106
2 106
3 106
4 106
5 106
6 106
7 106
8 106
9 106
10 106
11 106
1 107
2 107
3 107
4 107
5 107
6 107
7 107
8 107
9 107
10 107
11 107
1 108
2 108
3 108
4 108
5 108
6 108
7 108
8 108
9 108
10 108
11 108
1 109
2 109
3 109
4 109
5 109
6 109
7 109
8 109
9 109
10 109
11 109
1 110
2 110
3 110
4 110
5 110
6 110
7 110
8 110
9 110
10 110
11 110
1 111
2 111
3 111
4 111
5 111
6 111
7 111
8 111
9 111
10 111
11 111
1 112
2 112
3 112
4 112
5 112
6 112
7 112
8 112
9 112
10 112
11 112
1 113
2 113
3 113
4 113
5 113
6 113
7 113
8 113
9 113
10 113
11 113
1 114
2 114
3 114
4 114
5 114
6 114
7 114
8 114
9 114
10 114
11 114
1 115
2 115
3 115
4 115
5 115
6 115
7 115
8 115
9 115
10 115
11 115
1 116
2 116
3 116
4 116
5 116
6 116
7 116
8 116
9 116
10 116
11 116
1 117
2 117
3 117
4 117
5 117
6 117
7 117
8 117
9 117
10 117
11 117
1 118
2 118
3 118
4 118
5 118
6 118
7 118
8 118
9 118
10 118
11 118
1 119
2 119
3 119
4 119
5 119
6 119
7 119
8 119
9 119
10 119
11 119
1 120
2 120
3 120
4 120
5 120
6 120
7 120
8 120
9 120
10 120
1 121
2 121
3 121
4 121
5 121
6 121
7 121
8 121
9 121
10 121
1 122
2 122
3 122
4 122
5 122
6 122
7 122
8 122
9 122
10 122
1 123
2 123
3 123
4 123
5 123
6 123
7 123
8 123
9 123
10 123
1 124
2 124
3 124
4 124
5 124
6 124
7 124
8 124
9 124
10 124
1 125
2 125
3 125
4 125
5 125
6 125
7 125
8 125
9 125
10 125
1 126
2 126
3 126
4 126
5 126
6 126
7 126
8 126
9 126
10 126
1 127
2 127
3 127
4 127
5 127
6 127
7 127
8 127
9 127
10 127
1 128
2 128
3 128
4 128
5 128
6 128
7 128
8 128
9 128
10 128
1 129
2 129
3 129
4 129
5 129
6 129
7 129
8 129
9 129
10 129
1 130
2 130
3 130
4 130
5 130
6 130
7 130
8 130
9 130
10 130
1 131
2 131
3 131
4 131
5 131
6 131
7 131
8 131
9 131
10 131
1 132
2 132
3 132
4 132
5 132
6 132
7 132
8 132
9 132
1 133
2 133
3 133
4 133
5 133
6 133
7 133
8 133
9 133
1 134
2 134
3 134
4 134
5 134
6 134
7 134
8 134
9 134
1 135
2 135
3 135
4 135
5 135
6 135
7 135
8 135
9 135
1 136
2 136
3 136
4 136
5 136
6 136
7 136
8 136
9 136
1 137
2 137
3 137
4 137
5 137
6 137
7 137
8 137
9 137
1 138
2 138
3 138
4 138
5 138
6 138
7 138
8 138
9 138
1 139
2 139
3 139
4 139
5 139
6 139
7 139
8 139
9 139
1 140
2 140
3 140
4 140
5 140
6 140
7 140
8 140
9 140
1 141
2 141
3 141
4 141
5 141
6 141
7 141
8 141
9 141
1 142
2 142
3 142
4 142
5 142
6 142
7 142
8 142
9 142
1 143
2 143
3 143
4 143
5 143
6 143
7 143
8 143
9 143
1 144
2 144
3 144
4 144
5 144
6 144
7 144
8 144
9 144
1 145
2 145
3 145
4 145
5 145
6 145
7 145
8 145
9 145
1 146
2 146
3 146
4 146
5 146
6 146
7 146
8 146
9 146
1 147
2 147
3 147
4 147
5 147
6 147
7 147
8 147
9 147
1 148
2 148
3 148
4 148
5 148
6 148
7 148
8 148
9 148
1 149
2 149
3 149
4 149
5 149
6 149
7 149
8 149
1 150
2 150
3 150
4 150
5 150
6 150
7 150
8 150
1 151
2 151
3 151
4 151
5 151
6 151
7 151
8 151
1 152
2 152
3 152
4 152
5 152
6 152
7 152
8 152
1 153
2 153
3 153
4 153
5 153
6 153
7 153
8 153
1 154
2 154
3 154
4 154
5 154
6 154
7 154
8 154
1 155
2 155
3 155
4 155
5 155
6 155
7 155
8 155
1 156
2 156
3 156
4 156
5 156
6 156
7 156
8 156
1 157
2 157
3 157
4 157
5 157
6 157
7 157
8 157
1 158
2 158
3 158
4 158
5 158
6 158
7 158
8 158
1 159
2 159
3 159
4 159
5 159
6 159
7 159
8 159
1 160
2 160
3 160
4 160
5 160
6 160
7 160
8 160
1 161
2 161
3 161
4 161
5 161
6 161
7 161
8 161
1 162
2 162
3 162
4 162
5 162
6 162
7 162
8 162
1 163
2 163
3 163
4 163
5 163
6 163
7 163
8 163
1 164
2 164
3 164
4 164
5 164
6 164
7 164
8 164
1 165
2 165
3 165
4 165
5 165
6 165
7 165
8 165
1 166
2 166
3 166
4 166
5 166
6 166
7 166
8 166
1 167
2 167
3 167
4 167
5 167
6 167
7 167
8 167
1 168
2 168
3 168
4 168
5 168
6 168
7 168
8 168
1 169
2 169
3 169
4 169
5 169
6 169
7 169
8 169
1 170
2 170
3 170
4 170
5 170
6 170
7 170
8 170
1 171
2 171
3 171
4 171
5 171
6 171
7 171
8 171
1 172
2 172
3 172
4 172
5 172
6 172
7 172
8 172
1 173
2 173
3 173
4 173
5 173
6 173
7 173
8 173
1 174
2 174
3 174
4 174
5 174
6 174
7 174
1 175
2 175
3 175
4 175
5 175
6 175
7 175
1 176
2 176
3 176
4 176
5 176
6 176
7 176
1 177
2 177
3 177
4 177
5 177
6 177
7 177
1 178
2 178
3 178
4 178
5 178
6 178
7 178
1 179
2 179
3 179
4 179
5 179
6 179
7 179
1 180
2 180
3 180
4 180
5 180
6 180
7 180
1 181
2 181
3 181
4 181
5 181
6 181
7 181
1 182
2 182
3 182
4 182
5 182
6 182
7 182
1 183
2 183
3 183
4 183
5 183
6 183
7 183
1 184
2 184
3 184
4 184
5 184
6 184
7 184
1 185
2 185
3 185
4 185
5 185
6 185
7 185
1 186
2 186
3 186
4 186
5 186
6 186
7 186
1 187
2 187
3 187
4 187
5 187
6 187
7 187
1 188
2 188
3 188
4 188
5 188
6 188
7 188
1 189
2 189
3 189
4 189
5 189
6 189
7 189
1 190
2 190
3 190
4 190
5 190
6 190
7 190
1 191
2 191
3 191
4 191
5 191
6 191
7 191
1 192
2 192
3 192
4 192
5 192
6 192
7 192
1 193
2 193
3 193
4 193
5 193
6 193
7 193
1 194
2 194
3 194
4 194
5 194
6 194
7 194
1 195
2 195
3 195
4 195
5 195
6 195
7 195
1 196
2 196
3 196
4 196
5 196
6 196
7 196
1 197
2 197
3 197
4 197
5 197
6 197
7 197
1 198
2 198
3 198
4 198
5 198
6 198
7 198
1 199
2 199
3 199
4 199
5 199
6 199
7 199
1 200
2 200
3 200
4 200
5 200
6 200
7 200
1 201
2 201
3 201
4 201
5 201
6 201
1 202
2 202
3 202
4 202
5 202
6 202
1 203
2 203
3 203
4 203
5 203
6 203
1 204
2 204
3 204
4 204
5 204
6 204
1 205
2 205
3 205
4 205
5 205
6 205
1 206
2 206
3 206
4 206
5 206
6 206
1 207
2 207
3 207
4 207
5 207
6 207
1 208
2 208
3 208
4 208
5 208
6 208
1 209
2 209
3 209
4 209
5 209
6 209
1 210
2 210
3 210
4 210
5 210
6 210
1 211
2 211
3 211
4 211
5 211
6 211
1 212
2 212
3 212
4 212
5 212
6 212
1 213
2 213
3 213
4 213
5 213
6 213
1 214
2 214
3 214
4 214
5 214
6 214
1 215
2 215
3 215
4 215
5 215
6 215
1 216
2 216
3 216
4 216
5 216
6 216
1 217
2 217
3 217
4 217
5 217
6 217
1 218
2 218
3 218
4 218
5 218
6 218
1 219
2 219
3 219
4 219
5 219
6 219
1 220
2 220
3 220
4 220
5 220
6 220
1 221
2 221
3 221
4 221
5 221
6 221
1 222
2 222
3 222
4 222
5 222
6 222
1 223
2 223
3 223
4 223
5 223
6 223
1 224
2 224
3 224
4 224
5 224
6 224
1 225
2 225
3 225
4 225
5 225
6 225
1 226
2 226
3 226
4 226
5 226
6 226
1 227
2 227
3 227
4 227
5 227
6 227
1 228
2 228
3 228
4 228
5 228
6 228
1 229
2 229
3 229
4 229
5 229
6 229
1 230
2 230
3 230
4 230
5 230
6 230
1 231
2 231
3 231
4 231
5 231
6 231
1 232
2 232
3 232
4 232
5 232
6 232
1 233
2 233
3 233
4 233
5 233
6 233
1 234
2 234
3 234
4 234
5 234
6 234
1 235
2 235
3 235
4 235
5 235
6 235
1 236
2 236
3 236
4 236
5 236
6 236
1 237
2 237
3 237
4 237
5 237
6 237
1 238
2 238
3 238
4 238
5 238
6 238
1 239
2 239
3 239
4 239
5 239
6 239
1 240
2 240
3 240
4 240
5 240
6 240
1 241
2 241
3 241
4 241
5 241
6 241
1 242
2 242
3 242
4 242
5 242
6 242
1 243
2 243
3 243
4 243
5 243
6 243
1 244
2 244
3 244
4 244
5 244
6 244
1 245
2 245
3 245
4 245
5 245
1 246
2 246
3 246
4 246
5 246
1 247
2 247
3 247
4 247
5 247
1 248
2 248
3 248
4 248
5 248
1 249
2 249
3 249
4 249
5 249
1 250
2 250
3 250
4 250
5 250
1 251
2 251
3 251
4 251
5 251
1 252
2 252
3 252
4 252
5 252
1 253
2 253
3 253
4 253
5 253
1 254
2 254
3 254
4 254
5 254
1 255
2 255
3 255
4 255
5 255
1 256
2 256
3 256
4 256
5 256
1 257
2 257
3 257
4 257
5 257
1 258
2 258
3 258
4 258
5 258
1 259
2 259
3 259
4 259
5 259
1 260
2 260
3 260
4 260
5 260
1 261
2 261
3 261
4 261
5 261
1 262
2 262
3 262
4 262
5 262
1 263
2 263
3 263
4 263
5 263
1 264
2 264
3 264
4 264
5 264
1 265
2 265
3 265
4 265
5 265
1 266
2 266
3 266
4 266
5 266
1 267
2 267
3 267
4 267
5 267
1 268
2 268
3 268
4 268
5 268
1 269
2 269
3 269
4 269
5 269
1 270
2 270
3 270
4 270
5 270
1 271
2 271
3 271
4 271
5 271
1 272
2 272
3 272
4 272
5 272
1 273
2 273
3 273
4 273
5 273
1 274
2 274
3 274
4 274
5 274
1 275
2 275
3 275
4 275
5 275
1 276
2 276
3 276
4 276
5 276
1 277
2 277
3 277
4 277
5 277
1 278
2 278
3 278
4 278
5 278
1 279
2 279
3 279
4 279
5 279
1 280
2 280
3 280
4 280
5 280
1 281
2 281
3 281
4 281
5 281
1 282
2 282
3 282
4 282
5 282
1 283
2 283
3 283
4 283
5 283
1 284
2 284
3 284
4 284
5 284
1 285
2 285
3 285
4 285
5 285
1 286
2 286
3 286
4 286
1 287
2 287
3 287
4 287
1 288
2 288
3 288
4 288
1 289
2 289
3 289
4 289
1 290
2 290
3 290
4 290
1 291
2 291
3 291
4 291
1 292
2 292
3 292
4 292
1 293
2 293
3 293
4 293
1 294
2 294
3 294
4 294
1 295
2 295
3 295
4 295
1 296
2 296
3 296
4 296
1 297
2 297
3 297
4 297
1 298
2 298
3 298
4 298
1 299
2 299
3 299
4 299
1 300
2 300
3 300
1 301
2 301
3 301
1 302
2 302
3 302
1 303
2 303
3 303
1 304
2 304
3 304
1 305
2 305
3 305
1 306
2 306
3 306
1 307
2 307
3 307
1 308
2 308
3 308
1 309
2 309
3 309
1 310
2 310
3 310
1 311
2 311
3 311
1 312
2 312
3 312
1 313
2 313
3 313
1 314
2 314
3 314
1 315
2 315
3 315
1 316
2 316
3 316
1 317
2 317
3 317
1 318
2 318
1 319
2 319
1 320
2 320
1 321
2 321
1 322
2 322
1 323
2 323
1 324
2 324
1 325
2 325
1 326
2 326
1 327
2 327
1 328
2 328
1 329
2 329
1 330
2 330
1 331
2 331
1 332
1 333
1 334
1 335
1 336
