########## k_2_lmd_7_length_1187
1251
61264
767
286726
207210
187939
40399
74988
17180
207209
21635
41952
42494
42006
29730
68754
75555
75577
41821
75487
74998
56498
17080
231868
28
77737
85914
18569
74458
97510
766
206882
19657
86018
983
1089
41793
74326
74856
74815
319
75708
21215
74623
6331
207212
63743
18516
229
722
74681
19933
76460
85855
203103
67293
133733
199292
42548
75855
74606
1078
74916
64944
75769
42652
75336
72696
43231
189975
16318
85745
606
124312
61601
24162
310329
74583
16230
42188
76070
121672
75511
85765
18689
316234
16338
159655
81549
9159
42182
41915
19379
75744
85887
12025
20593
956
17330
41908
850
448999
41806
75656
114258
340
357
18974
8612
413
41743
11688
42570
77004
158273
16345
31086
74277
41929
74802
634
294600
42648
1072
18305
41906
74253
17286
17058
1443
38346
169863
886
885
76373
75587
687
131800
41985
17394
82399
74251
36223
74275
424179
39114
48766
74279
270
17284
82148
42936
424180
74595
253
85743
16926
1099
203102
68222
85736
75641
41949
75932
97101
74776
75497
286779
41960
75111
362877
41814
74538
29729
74332
42733
75520
50286
1208
42311
391574
78574
42387
231899
63392
105208
172355
75816
41847
16904
80946
17690
333
161087
1362
20017
133680
75733
41798
74880
42274
74782
74394
410
75283
19414
1050
48135
74719
61263
151668
62129
477
1098
76987
17829
18230
83178
74632
74240
16500
74526
41866
286788
232105
74842
45290
707196
17285
1433
170825
114257
42395
19452
76300
61432
17028
42589
24213
61
42378
565
16183
11697
19434
6332
105209
11293
16130
367443
75836
26151
38454
379260
42095
1093
42060
5037
160124
231936
377
74696
42451
41734
16975
74666
75476
1363
42097
19453
16438
38137
575642
75321
74657
368
74392
42141
636
476222
212952
628
391573
212951
17714
68682
41832
74723
72603
42587
8593
75266
16163
17709
75008
76354
11485
75810
74727
36990
74904
107536
253430
48
16439
254955
74345
81996
232251
1092
1761103
74264
286930
75154
16311
75250
119
63935
587
79608
18972
16034
230
86171
7040
42683
21368
1257
16053
97815
16111
704815
10632
8616
1537
16194
16455
232980
148433
504
65314
41862
37505
159656
255446
50317
76268
74472
158374
552
42084
74757
295779
42649
97511
82300
122768
42077
169433
41718
95717
74941
165152
10602
586
42227
42476
41878
42667
585
22292
74352
71822
228283
70
74398
69111
128327
75688
460
16100
765
1200
133918
16401
75337
16636
53885
595479
75718
41802
192
145056
16348
37799
98015
74286
936
626953
102
232489
1105
158271
332337
1327
24164
42416
17462
97689
1159
41822
82977
74867
75120
19017
17057
74247
42668
61649
460796
512503
24210
379028
42709
63548
16211
151897
430009
74730
459200
41807
18599
75269
17282
74226
196231
281688
254787
74626
53799
28350
75988
38309
75133
461054
128698
233545
134677
17231
78859
41744
49
353628
291
207176
458687
516
248901
3148
74239
42684
216597
79010
77736
248736
16384
17861
74915
17242
42114
133731
19921
458688
74758
904
219273
100586
41921
1100
75647
252663
75671
876
313203
75360
97317
18607
310592
7130
6334
74527
41973
16715
170428
145219
41788
151
36389
679
597
105206
86093
145021
495
8617
128456
193010
74967
20229
41903
41904
74608
151586
760
75896
74220
254963
74368
134319
1228
891492
74559
505040
41736
192439
132269
74821
74611
97512
81
75970
74241
16548
45222
42057
16562
16420
85985
1436
54216
17619
254327
7144
42022
19412
98159
81548
687865
19324
170323
151853
365
74675
18094
20018
74940
67523
380145
24209
74803
42257
41951
581
253629
114369
17860
74396
75377
19552
133732
37504
75460
20314
85857
18729
204060
76229
18317
24163
357527
127401
12024
42079
41761
74743
16768
16232
103428
150287
41790
207626
82028
76258
150288
42454
233627
42028
1344
196830
151616
334326
707775
76257
151620
75112
337329
255
20702
8913
11704
164
255243
145295
42719
42063
292
173
18832
104541
1321
41719
151756
67541
85823
309
84716
85769
169977
74309
36391
42718
290
74806
253596
42586
74367
51037
42568
70866
17236
151583
1097
380635
82686
82296
254556
76290
254
42635
76020
76405
23
64082
63289
16231
84
16644
42679
76485
27
101911
80286
82108
42734
947
74558
366
982
42129
704813
80285
82495
3159
49310
40400
75203
85976
1469
119292
207672
387591
78807
41890
500
18024
82149
115925
63223
1471
307965
1255
2591
74514
147036
150286
41725
75089
707945
75215
106952
41872
286881
413548
74423
74428
76604
387533
232425
85848
76243
21519
82706
75407
41983
76461
416834
16730
16899
207214
144
16780
151151
5866
74966
42113
286807
7375
271
582995
39286
42436
76462
18881
266824
85774
82215
16385
159978
100
75017
499
94403
969958
74437
380691
4277
75814
21641
42187
41825
17042
74714
68943
78808
15972
17238
8615
170324
43277
74254
74914
41924
170824
379586
127873
6423
1476
47031
74302
82009
41917
1174
2964
74432
75113
77955
42562
82
21634
74613
74377
176068
1484
139634
75528
114302
41772
42681
16732
74869
74814
253686
21155
286931
199420
85828
19598
398
937
74228
41868
75260
158272
144554
610219
17110
131474
16903
8611
9509
11399
41741
45224
74797
124055
1403
74985
75376
74252
17977
42564
19334
41828
77057
36903
286916
18918
75860
443
16092
18608
42228
85760
114102
15980
42627
1456
253735
9069
8789
41909
19743
15982
82017
16184
170
75411
240320
74307
281952
42078
159895
1083
109526
42549
74951
131141
684
195702
18340
74683
17862
105896
16460
193734
75152
382
42386
94409
42437
85781
76081
59299
74903
128
424181
19985
81992
41296
76080
264843
205562
118814
16467
448998
74281
109594
19909
298157
849
76333
97545
76122
18166
287314
269954
72174
207757
75252
18525
255257
41723
801
238
41848
223402
53798
42461
82278
41967
74615
76372
146991
64721
97102
744051
18560
75510
130755
18880
41882
105958
704690
307964
75104
25255
74269
172
42696
286937
17635
216599
172125
76071
75657
74633
42767
42211
256
459100
1005
142554
13464
68462
71
75236
195839
74585
7041
74664
74443
97866
134277
120089
42075
75437
133917
74689
252025
76298
16118
8618
145022
74567
512504
232413
191545
43195
498
40133
254663
312
288
74310
42682
22622
42581
16195
22241
64119
562516
170132
75707
41884
111903
232128
76074
18259
412348
85709
71841
339
309050
42179
152173
172069
77092
16260
16193
16358
421542
85880
76498
42433
17243
43196
16995
41865
17051
134321
231965
110725
371475
171028
16027
1434
1472
82473
74917
78122
61209
381
118262
409
74469
269396
377360
74285
42757
75214
184000
74351
75997
927
18399
704682
61159
705365
704693
41791
42571
17264
74231
42624
63742
74965
74391
318
171
42583
104540
75652
74829
212778
250054
42391
18611
76750
16894
36392
75605
75199
37506
4274
67822
928109
42522
41870
74980
85806
41742
584606
74369
75498
10040
16166
231927
231971
196971
172068
16028
23320
74599
18181
254407
74500
24
326
76244
42599
10633
347706
549
21365
75599
53797
170131
216598
20694
77093
1372
448232
76326
60852
517
4990
9157
82308
204128
856
41966
74647
42074
74978
106903
42747
16164
16289
151848
21275
158536
357526
74256
42062
38139
74688
76670
98184
16781
16204
660
97802
33717
16412
54614
74330
42432
32701
41978
76369
108772
133916
343
707058
74854
75213
298156
42098
82134
394987
494555
74795
75496
75549
42417
205597
223405
74684
49911
1427
104542
85827
658272
69306
75600
16287
170130
17623
75459
460159
67823
8610
41799
426670
977
9155
377185
101
42243
231966
195384
42080
42785
75196
10345
114175
82156
