########## k_1_lmd_3_length_4682
4188
4189
4191
11531
9720
7772
4872
522
10986
4951
11337
3588
12201
2229
6198
9292
11509
631
8812
8401
1032
8402
9756
434
5663
213
3758
5683
3557
3152
1119
3600
11978
8406
4228
8211
5768
5921
1174
3227
217
4231
4232
4236
4237
7695
8412
5322
9427
4239
224
226
4851
3321
4389
5932
302
11230
820
8100
2577
315
4730
221
4016
233
3410
763
3956
4264
898
5507
7857
7066
6558
4522
3962
452
454
9667
9680
9681
1601
736
13147
8428
1629
504
3066
2730
207
4108
2804
8429
7068
3116
5128
11792
13168
1562
8320
7104
1586
8430
4165
3624
1675
1726
2198
4257
4779
11459
13430
551
3829
5011
3360
14540
11557
5014
5440
8431
15364
5018
2437
7100
3012
8353
564
3561
813
695
4586
245
13218
1014
9993
5283
249
6614
2000
721
694
183
7186
817
2296
3564
4254
253
259
1796
2282
3568
6431
4910
568
13234
5049
4409
4024
56
6326
13244
3052
4155
6203
3572
1864
4204
526
260
10446
3113
277
10603
10329
5063
6455
10278
8331
8761
5633
3556
3574
3705
2205
4255
2361
7237
13271
4426
1721
3320
2814
280
809
812
3388
2899
1677
373
1904
3462
5003
7182
5081
9331
13284
6274
3167
2992
1457
9662
2516
2435
5080
997
5095
497
2552
3065
5117
4274
84
6503
286
2632
4585
10929
3008
9
289
4983
1479
8482
4038
292
6311
2532
6145
7313
4045
6304
8500
6312
8502
311
333
6113
6114
11620
445
2484
9399
4635
239
7345
5901
2641
3606
4122
8508
4361
1708
4712
13295
4420
2146
5994
12988
8270
2879
14802
327
10142
328
7383
8292
618
112
9844
11219
6271
3827
4288
5263
10793
4043
8521
9356
3584
15622
10275
4047
6313
7338
2732
7538
5111
8080
7602
5120
2787
710
4306
2851
5718
1437
2404
3305
3819
14141
755
5879
7442
3928
7961
1559
5121
730
4051
4755
3293
1356
3899
6751
8091
2262
6483
883
2830
2326
4054
11517
1637
4479
5001
7885
2380
4492
7458
3985
2079
13333
10723
4079
4253
7080
3497
6062
1472
8133
7622
3020
2222
3080
3025
983
8539
10432
4076
2108
863
2109
1823
3596
5141
7463
7203
7468
7481
3905
15676
8697
10374
6747
6115
6349
252
6940
2336
356
4059
2868
12964
14644
11609
9089
13339
3438
2941
6527
3581
5159
371
5191
981
3030
2805
3216
4082
14819
138
6419
4376
1563
3015
91
4379
5726
7234
4070
1951
4588
7
2735
92
5257
7523
2702
1082
2742
8304
3862
3986
2157
3996
8347
7855
3761
3893
3894
3896
956
10911
3895
11993
136
478
3828
94
13360
12919
5172
8672
11399
11247
4552
12906
13019
10159
2624
97
6911
4132
13481
14911
5711
14760
98
6596
6009
4349
1047
3969
8200
6730
922
7897
8566
4382
7572
7587
11329
6756
380
4441
8255
54
9409
2954
8503
3583
673
15784
3710
3122
7629
77
7185
3099
8031
392
3011
1612
5182
8586
9258
7492
55
13447
10706
407
412
9264
2797
14905
7229
14893
10231
6255
6327
2116
7819
850
7274
8219
7768
12592
4727
8655
5223
7273
5748
8824
2212
13012
10880
4705
3797
679
3752
413
3384
1503
2246
87
2433
601
3854
2852
415
5211
210
2781
3809
5864
5853
2812
6398
12422
13379
8970
10825
1375
828
6707
5949
2191
4125
7608
8030
869
1902
870
103
2618
4466
15814
2947
749
15816
12000
3976
4818
6014
4014
12929
2993
11784
3088
6582
9385
3518
5918
1996
231
3598
5190
5253
2791
3837
4488
5590
12308
4570
2018
12309
4434
2248
11315
10498
4093
13388
1862
8194
9154
8720
119
8098
5255
4017
3906
1485
14404
1452
14904
7631
3833
8612
2543
10066
6395
546
422
7334
750
3087
5455
7633
7239
15826
4119
5739
2427
3201
6972
1917
148
8
1408
8888
3795
2178
10984
1772
200
1788
4868
427
843
3926
8169
5998
8559
1397
8864
11005
5537
1449
4989
438
9937
449
12636
5086
2268
17
15837
12361
3067
10252
12319
430
6736
8290
15839
4623
171
2700
2701
453
1362
8644
3697
8380
1740
8652
4642
2774
2383
4854
4123
4639
3872
4368
8476
5407
5200
10878
1847
8517
2630
3244
5038
6028
5477
893
4498
4706
9138
4031
4044
464
8647
3991
4151
9062
9964
456
11663
4759
3217
461
8528
3730
465
2741
10459
9078
12573
1976
466
7541
6193
12216
3173
4689
7951
4692
3000
8666
8670
483
12265
110
111
944
2999
5210
143
6300
5279
14094
8632
5405
3630
7127
2756
9412
4938
3179
8501
480
6367
5094
12910
5940
4618
9273
6650
4738
2307
3180
274
3188
800
15280
10369
7660
5196
722
10780
14820
1000
115
117
1659
156
720
3416
3453
4805
12641
8816
1498
4752
12103
3632
5205
490
59
2715
1053
7662
393
61
7665
6386
1086
4952
64
4661
5354
2328
600
602
8798
1679
4245
4246
5280
4780
2448
4980
10439
2187
2783
68
3878
5362
5368
69
4373
1831
8526
4152
4975
499
9297
70
1810
3458
4997
4489
2215
3519
5579
5085
2089
5206
120
799
900
4709
7889
3943
1910
5151
1513
4144
4808
6716
122
4161
10350
8830
12808
13419
5872
107
2171
2944
11621
5235
5454
5238
3720
8790
475
3618
1959
9676
11382
5426
13387
4847
6687
2088
10816
7272
6782
1988
3805
8451
3079
7457
3551
4147
636
10116
6778
3498
3374
6278
8696
11510
4895
5795
5767
11754
11559
5803
613
5804
15102
2763
2345
9289
2680
7226
14234
228
60
3442
2291
2294
4348
15883
2539
3372
5664
11814
6411
3190
301
4150
3393
7809
62
1372
11816
547
9793
7975
5458
5973
11637
381
877
6000
123
11947
8706
6032
3839
8577
3196
6996
2200
4970
16718
5562
516
8003
13
6526
14256
1085
7883
2371
3250
4156
4056
8882
338
3060
127
134
2184
946
1805
440
8342
3903
3645
5019
4172
1587
125
1465
7723
3402
5689
126
258
13434
6723
26
2561
4158
9210
3035
9776
13328
960
7356
635
530
5020
5254
5075
4962
353
458
439
1138
9924
4178
5611
7751
3470
13584
129
131
7995
7718
1654
11587
3863
534
2459
8309
13112
8729
10264
4116
5666
7192
5926
4121
6692
3236
4134
4136
5289
4138
4143
684
562
2467
4276
184
3385
3078
548
3094
7739
3702
7293
12781
7365
4811
3286
646
1972
5275
3866
6085
3137
3801
10163
5297
5260
5299
3751
168
169
3199
2112
4180
6450
3773
5532
10111
3793
1755
3804
8923
3820
766
7936
13521
5348
269
733
7733
4146
3549
2877
2878
930
6267
5353
13202
10801
764
255
7135
2985
10260
261
4440
866
2922
1899
3959
1912
1921
8745
3490
3988
566
4007
4055
9083
984
3037
576
2832
6634
792
282
5381
140
793
921
1139
9992
6433
10470
8788
5578
8969
5800
3431
13136
4211
583
10738
3876
3699
803
3877
10301
8558
1144
11537
1370
586
4603
4774
3312
8616
5312
2789
3892
16452
8620
135
4934
5175
14513
9396
11212
23
5361
10006
4101
9671
10742
8779
8701
10336
588
13201
3898
5366
4112
5902
4170
10980
5421
4171
8271
2152
6748
8305
6310
4263
5422
170
8390
6356
10501
10502
4370
287
5723
305
314
4432
8534
2578
7493
4513
4536
5372
448
8643
488
543
1598
2605
561
8783
585
10836
6745
8599
622
1844
2696
8846
8171
4760
682
218
8904
4813
3193
753
2806
8968
3503
5818
5960
11041
4521
2869
9017
2890
2897
4575
7758
2911
9060
9074
7037
2945
2948
2957
10038
3174
2310
9126
3021
3041
3046
3057
3068
6995
1037
5156
1075
7760
3128
1083
5189
3143
3155
1477
852
5234
1145
3235
9418
3222
11974
5680
5374
2901
5478
1557
3297
10070
7076
3343
3354
7635
3753
5558
3391
5936
2870
7519
3575
1076
8801
2808
1078
5504
3485
1478
9647
5640
1464
9675
634
14981
1815
4959
6497
2518
2519
5400
4804
5981
11798
11799
11800
11801
3626
9786
3690
5743
4226
11652
1674
5777
3733
3737
11073
3746
1706
3789
5404
3799
5849
1759
1881
5805
5870
3826
15962
10020
2642
2583
10057
3278
1875
5978
8028
3631
5438
6022
4227
11686
5493
8827
5427
2233
10228
10676
8568
3715
4075
4084
7173
908
3637
5631
8831
4229
1607
4233
1731
6994
5160
10443
645
3683
1915
8828
1390
369
899
12441
5668
8608
6679
647
648
11823
8013
12654
681
11473
1571
7702
4009
11021
8547
5240
1773
888
1893
4250
10077
8218
9131
11766
8874
5460
5738
2776
7566
989
4268
5091
2569
7778
6352
3640
4269
3401
8515
5788
11448
5467
5485
5468
726
9117
2515
1051
4023
1483
3513
3642
1156
3636
5848
8397
4410
4030
89
4000
2594
12769
690
5039
11248
1997
7372
470
10126
12853
2524
12399
2853
7174
13499
146
4290
12970
3205
4953
2327
6091
3185
10001
10960
147
698
11253
2076
10
12470
8301
4857
12285
2920
5911
3252
11834
8372
6438
4710
1135
11
7797
3231
4809
6885
5489
7934
2486
2060
8147
11776
2319
7486
1738
6986
347
8899
7800
4595
4449
5995
719
536
2339
731
152
5495
10206
12521
6074
1817
558
826
3355
3356
3104
5801
4413
15224
732
9432
5771
5497
2359
4140
3461
3949
741
744
6681
3870
12451
4898
10282
705
8981
1998
2755
9726
2884
5989
7813
11356
6726
11213
1500
8322
8990
3183
1501
6837
7102
1129
6090
6233
3261
5119
2305
9926
288
603
1799
747
5516
7818
982
1056
4078
3571
5519
5306
9082
12475
160
5527
6208
291
4935
7726
8075
14440
3239
6169
14223
1094
2790
4499
4691
6890
6470
3425
6204
14279
2127
12225
970
4725
3125
6886
6600
4130
374
777
11131
1055
5533
15260
5290
4514
4303
4668
6445
6342
5972
10230
9139
9659
3526
10276
4666
12
5480
4469
3847
7684
752
8859
1077
3049
789
3344
8256
8951
1100
5727
659
167
6421
797
1015
16027
1683
348
5261
4501
9318
2461
5022
1068
6883
3655
57
3947
762
2669
8955
7584
3639
5406
2497
5535
2553
8959
1556
4067
9312
6586
16036
7871
3660
8966
12189
187
5964
4683
1102
5076
3181
801
8971
1627
9364
1999
8626
2203
782
542
8394
82
8420
7401
3246
8236
774
204
784
13525
790
9008
11975
12142
3984
511
5565
605
384
1876
4105
10109
2430
2908
6560
6989
8992
8085
926
7078
5572
1454
3716
8993
9377
1758
4564
3215
2885
1969
1949
364
9704
16511
6123
2029
5102
5103
1010
1527
675
8269
365
3447
1021
3140
501
16055
175
13113
7864
3226
3465
2081
12250
7917
6143
3744
2986
7868
1466
8999
12096
824
8364
9404
6350
7869
814
986
3890
4871
192
6932
5658
7335
13086
2244
3367
4873
2124
1688
9359
2912
13155
3467
234
3612
12710
3887
11196
8393
5598
3396
1655
10086
6016
398
14642
8588
5302
5305
12960
2910
3433
816
2718
769
8722
1938
3743
1026
643
6666
14611
2928
2866
7770
4302
818
13780
5930
2821
14227
6638
3479
7431
1157
834
10190
6061
4351
5816
5599
7355
765
6701
5584
8404
8384
349
3296
7997
1515
9015
205
3682
2726
3625
8731
905
2706
2167
1803
5097
3414
13794
9020
4247
3617
5553
3047
897
5750
7285
11714
6970
14465
838
889
11775
2924
3992
5824
2566
3268
840
4545
6948
1038
1807
3149
1643
16
785
701
5758
914
13156
10440
3277
14711
6357
5575
3843
4867
10514
5899
3362
8988
3386
7470
4360
6214
2708
15492
844
5508
1663
1593
2048
6828
5956
4542
5623
12553
11712
856
1981
875
7644
12555
7720
4450
3027
4091
7339
7112
5630
10076
10543
5185
2365
5641
13228
9080
10047
6969
3554
2674
6785
9087
5425
7359
2615
13011
902
8854
8956
3670
798
4296
7439
12146
66
3411
3280
9096
9689
13861
2204
5096
4141
4599
1020
4571
1900
5573
5650
182
5230
8238
5686
2347
7516
1136
3648
831
3563
12442
194
4418
5502
6838
78
5033
6153
5702
7928
8727
7939
12246
7954
3147
3662
4020
2643
6235
3178
12570
1551
619
4388
6765
9795
13668
8982
7969
1693
709
672
5326
3955
5828
219
11998
208
12006
5148
10505
8037
1109
8101
3373
2874
12673
12506
3931
1110
10561
3081
1369
7025
7614
10103
2938
11813
2943
12865
9272
13014
394
11156
9134
3673
582
10169
4050
8164
8683
8166
5201
10125
931
3579
10389
3146
4145
9831
7507
6500
4273
8188
4406
13688
16250
16251
4153
6770
7915
12158
13255
940
7907
950
8758
6598
2015
1770
5730
959
7207
967
5101
3127
12836
4979
4369
939
3163
2087
846
1751
2609
137
14880
968
8624
2855
7874
7126
8135
11286
10300
4526
2731
3675
1160
6834
1510
3932
942
2909
4433
3400
7034
3211
2066
2340
11322
14392
3486
3974
6689
10806
1459
11638
549
5242
10117
5162
10154
8787
5769
2691
8355
11040
4754
4088
2283
772
86
8349
980
9774
6892
1946
1542
109
10985
9465
7193
9484
2407
6131
9999
7235
10358
3861
3370
2501
3492
2862
6459
4850
1016
3871
12517
2463
5875
2684
12508
1042
4889
3945
6071
7870
2040
5775
1049
12645
632
2824
443
6981
5055
2827
4462
2754
9329
2989
197
2621
5747
3038
467
9865
3700
1608
2936
493
567
2250
4187
3963
3292
7667
7668
227
3711
10757
904
13025
6980
7183
2382
13122
1641
1387
6528
5799
6005
5809
6250
5812
8671
10133
5215
4464
13784
839
4295
4928
9277
805
2833
9804
6486
5410
9051
4205
5071
2892
5204
4396
10071
3050
708
6429
2264
4021
8268
1089
5813
3686
5751
3074
6188
4445
3545
22
4402
4139
1710
7976
14731
591
8637
3693
222
5296
268
1095
758
6676
6812
5814
3688
3154
3703
12298
713
1101
6990
4476
3848
3762
1121
3834
1939
248
699
166
3740
15517
12814
5137
6146
4107
2576
2723
4986
6096
579
580
229
230
2795
11435
661
4111
3661
6753
6675
8835
8044
14584
4627
3323
3542
8496
9028
9317
2817
8911
11631
637
1403
5530
11835
3338
5831
3757
4863
1712
1713
9337
1495
11602
16349
6710
29
10574
2931
13947
3712
6358
3310
7347
3165
830
723
2016
3704
3695
1971
5766
6177
5052
11440
9268
1054
4350
4127
13671
8642
11596
8432
4981
236
3792
2720
3131
14266
11639
2142
5265
5684
5855
3707
2120
7953
617
2513
10737
10739
8857
10740
10741
10743
10744
10745
5860
2316
6205
5764
3364
5451
9345
1874
2457
4485
3084
5538
201
462
7475
3106
545
4096
2837
2724
691
7580
573
574
8132
8321
35
8295
5862
895
3073
2158
6192
3653
1724
4734
3546
39
7722
10477
11449
4261
4674
10174
9350
11552
7724
2895
10003
12702
8036
8379
5170
256
3076
4512
4921
246
13050
3468
7956
14961
5877
15470
1549
563
4670
842
10325
10473
5823
242
13305
11912
12147
791
308
257
1162
3597
3096
1161
1167
7525
6727
8512
5878
5203
8398
7717
2935
9004
7258
10341
8042
2942
8659
2896
11120
4164
2645
355
4207
6700
4749
15463
4743
1569
510
11372
4159
4154
12728
265
266
6354
5880
4929
5657
8509
8511
5090
2653
7781
6744
8922
3687
2546
6947
8954
2490
1473
5811
2974
0
2094
1884
1841
7795
10315
3831
5226
12666
4600
359
273
1046
4516
2990
12731
15479
10711
4721
2930
7094
10189
1166
4029
118
3531
9090
4527
276
3130
1480
4028
10384
8752
519
1036
5248
3567
693
3133
130
4885
2163
4745
3859
4783
9907
9388
7271
14093
1168
14095
9413
5469
3422
12866
7016
9426
9434
3515
5912
5153
4515
5915
2311
11412
9660
3007
3516
4177
11598
5266
11740
10697
16894
8191
770
4100
3807
3611
11748
1450
5099
6992
2904
11709
4353
11752
11753
11755
10573
2330
3026
4065
794
1692
1368
3029
933
5048
14150
5925
9274
5284
4443
2335
5622
13936
9456
8416
408
5293
5923
5294
3184
2679
7899
2571
10989
4199
1552
8405
2745
3169
1120
12402
4216
189
4737
2226
4215
5928
703
8702
2259
9928
2
4456
3989
2478
8156
10437
2987
8998
15864
202
1317
2919
5184
5367
4720
11476
9939
10847
9942
2005
2762
4217
517
1416
1943
5938
3794
10032
5944
215
10135
867
4558
3434
10139
11349
5024
3803
8374
3161
5168
13285
4248
6156
10002
9956
7233
2854
11479
1325
3091
10039
10042
2269
3999
4446
911
743
2472
1270
4555
5360
11430
13224
8873
6978
10444
2258
1398
1399
12444
12109
5448
10128
10779
1407
12034
748
295
4714
238
1418
11292
3327
5952
5798
297
1420
3823
6968
3142
11589
11763
2390
3103
3824
11684
3058
428
16131
4357
11056
12767
4849
2275
3105
5370
4577
12770
7179
6023
5142
10545
3982
10463
7177
5040
7370
306
6364
10575
12494
11480
10807
3336
1618
5581
1431
5607
5609
5736
7390
9642
14846
5757
5324
12699
1435
5331
3509
2973
1837
7859
5900
8488
11363
5967
6392
6370
2811
6537
2673
2782
1918
4879
2439
3463
6144
9638
1447
8445
9648
3721
2651
5050
6914
10500
8197
6047
2721
862
4768
4455
857
559
2538
5807
1463
13311
11000
12677
316
13062
5993
847
7354
780
7693
6001
11783
13687
4520
6961
2322
14201
2280
335
116
4594
3495
14832
6075
2151
7400
3864
322
4022
294
3
6012
6076
1808
4393
1522
5941
1977
1535
10156
4764
1069
12332
4400
3378
2211
1
13199
67
3138
13200
584
858
1620
6488
4300
6882
3957
3361
1029
1786
1030
2570
12789
4057
795
4601
3159
4978
3858
10913
13267
5895
1560
6020
12999
621
6712
757
332
8662
3528
738
9478
334
1153
11614
336
11428
9754
3172
6529
3748
1741
3176
3592
2893
6036
835
6779
11723
6597
9061
4688
16942
5760
3622
7446
5962
2906
3200
324
1008
3971
1568
837
14469
3914
3535
5996
7049
9818
8017
4941
8018
2913
5163
2966
3927
4573
9400
3230
1734
806
7054
891
4448
3706
1059
871
7175
7199
2593
6743
2149
6788
2181
5060
6320
10101
6789
1022
13069
3134
4925
379
8531
7527
12577
6006
903
1573
10129
1404
4500
4480
1575
5866
1578
2977
3253
1933
9963
11671
1970
1417
1588
2253
1421
896
10130
3158
12813
8554
6715
7952
12186
8987
6719
2725
3623
7838
6060
4470
329
11539
463
4037
4013
964
4015
7088
4114
4115
4117
7096
5867
9788
220
1610
1106
6064
6950
12822
3885
9088
101
6759
6550
1475
2509
3002
6469
395
7692
6066
5958
1995
6068
244
3175
4561
680
1613
11698
1080
358
9808
2002
4874
5992
3032
7641
4060
363
3380
5084
11488
6826
1952
7371
14264
8381
7887
7888
8687
3731
3288
6878
2498
6693
6094
923
7581
4347
2815
494
9014
2545
5446
8472
1011
8452
507
24
978
367
962
9812
2017
1866
6099
405
7891
7740
5428
8047
108
1626
1125
4109
3318
3790
10123
9042
487
378
15500
5917
2728
6831
11496
3684
7387
1832
12653
271
12458
6704
6100
8667
278
3967
27
13362
4678
9253
7380
7133
3857
312
3333
1394
9107
74
3290
3397
2271
10534
3701
2261
50
13797
4746
12826
973
9483
5759
10497
9860
15475
4637
787
14575
7472
3352
368
1980
845
435
10840
10078
8850
610
11749
12634
11689
4638
5580
4459
9867
243
12453
1798
7456
620
2886
8504
489
7732
399
1446
1682
3643
1680
8318
401
1681
3365
206
783
3368
216
819
3603
4567
953
4095
6340
1536
3451
2563
11203
7194
8486
9881
3377
3082
6787
2575
12932
10907
528
3294
1041
6163
1115
5435
6530
4103
6474
409
5217
11333
3110
971
3256
410
1697
3304
4865
3599
2193
6167
9749
6173
833
6179
3536
1044
5113
2856
5112
4665
411
6561
6615
2357
7551
12541
6576
6696
4893
3437
2573
3415
5725
1829
2363
7744
9084
6775
7114
4653
482
6138
417
1954
8933
2950
10914
1453
1704
1117
4120
5673
13674
2614
3394
426
2500
433
5194
5195
5233
3301
5761
7230
1711
4673
3476
5229
406
8570
8467
1732
10809
6008
3460
7588
4532
4533
1742
4651
775
2713
4976
7776
9949
6966
6734
6199
1757
1760
594
5582
8717
9954
1116
3677
1765
2373
1767
5209
8417
9328
3450
5056
3678
1779
886
11739
7131
3680
6971
7266
11786
5648
6200
7389
3951
15334
3856
1134
2644
2288
6207
8708
2369
941
2603
10108
10481
14059
3689
1147
5181
124
3904
1043
7451
7806
641
1790
3413
4800
5569
6864
1671
665
4744
11542
8433
139
9019
961
9706
6285
6318
5827
12498
141
7312
3108
4855
3760
6293
7585
6956
8343
7095
3941
3679
441
153
9379
2714
6303
1553
2839
6237
4194
414
4636
3514
1728
965
3669
3763
1698
11762
5876
10362
8358
6253
6254
9063
3540
10261
11528
3875
704
10015
9052
6078
807
10348
6809
8264
195
9327
8495
8838
14452
6261
211
8189
8454
6501
3772
5929
6269
823
8506
5010
9653
5983
8595
7013
11588
4137
351
1409
4726
6535
2988
560
10021
3922
6852
979
1835
11436
3621
9661
13790
214
3524
10028
3629
4049
3727
3577
9431
13085
3634
8119
6592
4739
9436
4556
2297
5349
3934
2471
2698
951
223
737
5858
455
6371
742
735
3818
7924
10533
11660
5073
10152
3646
6098
958
237
6384
8546
5889
756
689
2295
2059
8960
11562
771
11563
2341
934
10161
11438
9709
14478
4367
12561
6051
3800
3650
3381
2840
8192
12270
4891
5174
1442
1825
2820
2044
1736
3657
1836
8842
5779
1444
8199
468
299
304
2865
469
1842
4461
7118
5946
6280
10539
3883
10014
2243
2887
8076
8826
5053
1800
10609
3405
11913
9488
2067
6187
10072
6251
10073
3559
9043
472
343
4265
4262
4354
2572
919
6620
13098
5035
4611
11622
2160
12952
3936
7583
9962
10040
10041
6496
10051
2914
9030
3311
362
6551
1877
1878
10074
48
10084
10089
947
10104
15283
1914
10110
10939
3644
1941
8974
10138
10146
6516
10148
11570
9703
1966
2994
6323
10893
3812
8519
1978
1979
10173
2951
4610
14530
629
3977
3980
6034
6347
2456
2012
2013
1700
5069
1872
10233
2042
2043
4249
2052
4003
10248
2057
2074
2075
5882
3499
7010
12842
9946
668
2091
431
432
7560
5560
954
2101
2103
2111
3009
4549
3225
2129
12102
2136
2147
8425
12011
5476
1580
2154
2155
9682
2164
2176
3031
2189
2194
2196
3083
3313
6624
4602
10861
14559
5564
1079
3825
8746
2671
11381
1956
484
6605
11745
2898
5621
2541
4272
8396
3203
3672
10390
12304
1520
9449
5671
992
4901
1705
1009
9716
8789
3055
6134
3923
9286
15723
5676
4104
4092
2983
142
2216
176
8889
8214
179
7780
180
2224
4810
10167
8825
181
14963
188
2234
190
6381
2235
8327
7753
3750
4662
2240
3282
4289
2242
3738
1763
4839
8996
31
1023
32
5006
716
948
5908
2277
1024
391
6390
8668
13598
2251
114
12499
508
13111
1034
11497
949
4444
8466
10454
8510
10157
7798
2139
512
10256
11666
2969
12024
2278
2634
3867
4615
11312
477
5025
4355
11227
8868
3764
11668
10735
513
8221
4294
8019
36
3484
3208
11432
5193
3681
8138
3723
2662
15132
2562
2793
7606
5667
6686
2260
5571
4940
41
3975
42
2292
2474
901
5002
3948
836
1074
10486
11187
6410
85
2303
729
7900
609
2650
10496
4715
9323
2809
1132
524
4718
10515
5239
6904
13288
649
5402
8712
2529
3478
4613
5789
4787
3765
10529
8376
3749
2429
529
11973
3835
3754
4823
10536
10050
2351
2982
10546
715
3274
4550
2889
8930
8737
8312
6973
10959
6427
2267
3806
10469
3816
6659
2803
541
7705
1787
10605
5373
6952
9482
279
14626
9103
6436
5152
1756
550
5065
3836
9163
6760
6856
5548
6172
11503
2213
552
3198
9100
6292
810
11623
1930
557
913
915
9783
4407
4195
3913
4110
3550
2818
1458
1606
943
5466
2384
6706
3635
6850
1887
2826
987
1648
6341
4478
2370
10563
3097
861
14631
2374
3229
2376
7801
6462
2401
2026
7591
3445
2403
375
5903
4507
5729
12549
3993
4477
2406
2412
3510
4939
993
3162
1792
11507
2871
416
6480
6241
1953
5365
1456
3570
3006
3541
12031
3810
6110
2891
6626
6444
8630
5420
7029
3287
1019
5608
5051
3884
10395
6898
717
2416
3204
9819
13137
779
11467
12253
4866
590
4256
6315
5147
2426
5197
34
300
3248
8386
165
2432
11471
2434
5352
7840
5198
3755
9443
523
8149
3981
10342
2452
6223
5398
3319
2436
1851
6490
9301
596
2998
8553
4931
3610
1081
663
4325
662
40
6847
9007
917
12668
2445
2446
11529
2587
11301
93
4212
6481
1422
2449
2107
2460
8439
1087
10407
3609
1707
240
79
6783
10833
3586
3257
2465
3258
5408
3389
2468
6197
4210
1628
957
615
4089
3148
1141
3709
6515
8088
778
283
657
3736
6228
45
10673
8732
4777
6376
5919
14138
47
5281
674
6105
13411
10106
2323
3223
13956
2353
12330
623
8872
6829
4723
1605
2496
8878
3150
3973
6538
6985
1722
11777
6533
1545
14073
2531
11732
2535
2537
4781
12008
2542
2768
1151
10225
2544
3808
894
6454
11878
3489
12012
382
6343
1827
389
880
2970
225
7026
8356
739
3558
8543
7765
10761
1936
932
7142
1639
10763
9921
1689
3821
10419
10764
3822
2574
751
241
6543
12044
4812
9460
429
10767
1783
8928
9451
13492
5873
10491
761
4157
2695
2819
10548
10105
11296
910
10774
12042
2991
2536
12563
872
4148
11022
6544
13038
6546
10122
11645
4486
1428
2875
3390
2481
7103
3909
2586
3398
12745
10572
10781
9691
2888
10787
6548
2894
10788
8484
1374
8734
2601
3107
1890
58
4876
6549
10471
63
630
2689
3855
5774
2703
658
7434
5150
9652
7360
656
6507
4982
10796
3958
10797
10027
3379
2764
376
7636
10487
4421
13204
383
14750
9746
14753
2876
4587
878
9748
2610
2960
3314
5913
4468
14762
925
5023
5542
71
10812
8348
2975
7783
786
8958
2567
14972
5351
3912
3840
8084
650
10815
651
8244
12013
2625
10818
11703
8245
16405
3520
13193
6575
2628
15253
4853
11720
6764
6170
2633
2636
12342
4383
16162
4131
471
3039
5199
7162
2639
6581
486
11078
6910
5986
6355
2027
13266
15072
8684
8173
2664
7151
11043
2916
3092
4424
660
4987
6305
10235
3071
2114
1388
4238
4482
2736
8257
340
7006
14771
13000
3493
669
254
8287
43
6244
2903
14784
10879
7611
4004
8265
10499
3335
4484
815
7573
8516
2955
1673
2693
81
3978
5722
8980
676
4802
5013
9878
3739
7357
2699
2705
4869
6087
14354
3279
7129
14804
8302
3573
5539
4517
9023
3832
849
46
11895
2707
5092
4487
4936
2710
2321
5456
1494
599
688
4884
83
3003
14810
14813
6628
88
3023
3961
10905
1529
2733
1531
8574
4196
2744
4776
2747
7172
1651
6291
8435
697
2749
2759
1104
150
8750
3070
2978
4914
4954
3868
4798
2239
10967
3594
578
2778
8773
13511
6635
357
4845
1597
6152
9750
6698
2454
10977
3979
10978
10897
3997
12817
6290
2788
8388
1955
7447
10445
4821
99
8881
212
2792
4693
5385
7640
10991
12639
1818
11042
444
3972
4069
6121
8338
5041
421
6651
702
12135
4064
1703
386
10482
1430
5552
8437
15487
2549
9027
15093
10203
2825
51
317
4574
2144
3869
4534
2828
706
707
6982
7670
10322
2343
6708
4676
4399
10145
3014
3538
9267
2829
3613
8497
158
6808
4922
9403
53
2838
1518
4596
13013
4494
5380
2207
9417
8303
781
5105
8468
5100
2722
5155
6674
7224
2592
2299
5953
12393
1507
1623
5379
7166
727
3093
14627
918
1885
1088
9283
2657
2148
5916
999
2173
7743
2849
655
976
5136
3756
3791
2850
14843
4817
1570
4815
745
746
2769
906
12863
13040
3874
163
2961
264
1752
3382
8487
2872
307
2873
8796
7058
5856
3412
3902
4209
346
5470
4298
5491
6287
4988
1558
14892
10019
6889
128
9311
172
7904
5615
2952
2953
