########## k_1_lmd_1_length_18190
0
1
4610
6152
2817
17
3991
281
26
1056
291
6822
5290
348
4788
9404
1981
831
4418
78
208
3932
3684
868
1770
6892
4462
6257
637
4863
8642
4981
6791
6792
7921
859
15470
6727
49
7079
693
1883
2
495
3
1163
4334
271
1137
50
4535
3476
406
665
4636
3875
807
4137
299
14252
48
947
3644
1470
629
5069
1872
4823
987
354
4325
6376
9965
7409
2549
6905
4734
4
736
5
3974
691
1748
408
867
136
5257
7116
2852
5237
5657
5435
414
6
3871
388
390
7
107
23
6679
5240
89
5306
6590
511
384
3716
986
8455
7915
137
9302
2571
6156
428
1808
15250
3603
1044
3478
283
4124
3997
158
2207
2592
2849
3874
163
2853
806
16333
2715
171
300
434
564
694
183
568
4409
4155
9
445
2484
2879
6848
2805
3015
54
3275
673
77
1612
55
850
7508
3797
4438
87
601
3854
5211
5853
1375
9976
4125
869
870
103
4202
749
9966
231
3837
2037
119
1452
3833
2427
1917
148
8
1408
2178
2324
5655
4888
430
6299
4639
3872
2630
3244
5550
4151
1976
9273
59
393
61
1086
64
68
69
70
5579
14669
5454
5461
8790
475
476
3805
3551
6778
17637
613
8209
60
3442
2035
3190
62
123
3839
13
537
4647
1587
5689
6723
15428
13384
75
353
439
1138
8821
9853
131
4121
3236
5289
684
5808
4276
184
7865
4811
3286
3801
8923
733
5353
3322
764
255
261
8459
4878
2832
792
282
6433
803
3877
7986
3892
3898
5960
6995
852
10070
15707
7519
6497
1389
5493
8568
1915
4991
7044
7566
5485
4023
3513
12221
9672
3022
4048
3028
470
2524
12775
11253
10
11
2060
14
536
7326
6074
558
826
4413
705
4930
2755
3272
6233
603
6238
6239
5474
17777
374
1017
14852
12
4493
659
6421
10008
15147
1068
57
6586
7871
6594
4683
1102
1999
82
14861
605
364
365
3447
1021
3140
6052
6143
824
17715
2743
1688
1655
6234
15
13055
769
1026
643
4612
1157
8384
8363
905
1803
897
17858
1038
1807
16
785
914
2963
8212
10883
13881
15492
13087
13588
17861
7339
10076
10543
5425
12146
182
185
5627
3648
17857
194
17859
17860
709
17862
2254
1109
1110
12121
17806
8924
3295
3042
5990
5215
1131
2158
242
116
7400
1786
891
1022
896
101
6854
7752
1866
108
4109
17710
6704
1394
243
4541
7389
8192
8199
18
20
8214
8221
34
8232
8234
45
47
8247
58
63
13664
71
72
8265
81
83
8205
88
90
96
99
8303
128
8321
8322
132
8327
8332
8333
12311
8337
8342
155
156
8355
166
172
12316
15047
8372
187
192
199
200
204
207
8401
8402
213
8406
217
8412
221
8419
233
235
8428
8429
8430
8431
8436
245
249
253
259
260
277
280
12829
286
289
8482
292
8500
8502
311
8508
12341
327
328
8521
2787
345
8539
8544
356
371
8566
377
380
8255
392
8586
400
407
412
413
415
8612
422
427
438
12361
453
8647
456
461
465
466
8666
8670
483
8676
8677
490
491
13735
499
8696
15102
509
8706
515
516
12374
8716
530
8723
534
8729
539
548
8742
8745
566
576
8774
583
586
8779
588
8783
592
598
8791
8801
8817
634
8827
8831
645
647
648
8856
671
681
8874
8875
8880
690
698
700
8895
8899
719
8913
725
732
741
744
747
752
8951
762
8955
8959
8966
8967
8971
782
784
8979
790
8985
8992
8993
13392
8999
814
816
818
9015
9020
838
840
844
9044
853
9047
856
9058
875
9073
9080
890
9087
902
9096
12442
931
935
940
950
15852
959
967
968
974
977
980
15854
1016
1042
1048
1049
1050
9265
9266
9277
1089
1090
1095
1101
9296
1118
1121
9315
9317
1127
9332
9333
9334
1143
9337
9338
9340
9341
9342
9343
9344
9345
9346
9347
9350
9351
9352
9354
9355
9358
1167
9363
13848
9367
9373
9376
11768
9381
9388
9408
9413
9426
9434
9437
8399
9456
1577
9471
8405
9477
9485
9491
15864
1317
1325
1398
1399
1407
1418
1420
1425
1426
1429
1431
1435
1438
9638
1447
9648
1461
1463
1467
1469
1471
13687
1487
1499
9692
9700
1522
1528
9725
1620
1539
9745
9751
1560
1561
9754
1568
9818
1573
1575
9769
1578
1584
1588
9794
1610
1613
9808
9811
9812
1626
1634
1635
9829
1638
9830
1646
1649
1653
9846
9849
1662
9860
15296
9863
9867
1680
1681
9875
8784
11203
9881
1690
1694
1697
9892
9894
1704
1711
1718
1727
1730
9923
1732
1739
1742
1757
1760
9954
1764
1765
1767
1779
1780
1790
1968
10970
9994
1821
1668
10015
1824
1828
10021
1830
1835
10028
1839
1840
10033
1845
10040
10041
1858
10051
1861
10060
10061
1871
1877
1878
10074
9882
10084
10089
9873
10104
1914
10110
10120
1937
1941
1944
10138
10146
10147
10148
12614
10155
1965
8519
1978
1979
10173
1982
1989
1990
1991
1993
1994
10195
2004
2007
2012
2013
1700
10211
2021
10233
2042
2043
2046
2052
2054
10248
2057
2074
2075
2080
2082
2083
2084
10279
2091
2097
2098
2100
2101
2103
2111
2113
10306
2129
10327
2136
2147
10345
2154
2155
2164
2176
2185
2189
2194
2196
10390
2208
12656
2216
2224
2228
2232
2234
2235
2240
2242
10442
2251
10454
9349
2278
10475
2285
2286
2292
2293
10486
2302
2303
10496
2308
10515
2325
10529
2338
10536
2351
10546
10547
10550
2364
2368
2370
10563
2374
2375
2376
2401
2403
2406
2412
10607
2416
2426
2432
2434
2436
2441
2445
2446
2449
2460
2464
2465
2468
2469
2470
2477
10673
2483
2496
14069
14073
2531
10724
2535
2537
2542
2544
2556
10751
10761
10763
10764
2574
10767
2580
10774
2584
2585
2586
10781
10787
10788
2601
10796
10797
2610
10811
10812
10815
11359
2625
10818
10819
2628
2629
2631
2633
2636
2637
2639
10839
2664
10858
2672
10870
10879
2692
2693
10888
2697
2699
2705
2707
2710
2711
2712
10905
10917
2733
10927
2744
2747
2749
2759
10961
10966
10967
10968
2778
10971
10972
10973
10977
10978
10979
2788
2792
10991
10993
2807
15487
11012
11013
2825
2828
2829
2834
2838
2842
2843
11036
2850
11052
11054
2872
2873
2881
2885
2893
2895
2906
2919
2927
2930
2932
11131
2966
2977
11173
2983
2986
2994
3000
3008
3011
3027
11223
12793
3044
3048
3049
3052
11248
3069
3070
3079
3080
3081
3084
3096
8708
3108
3111
3116
3122
11315
11316
3125
3127
15857
3133
3135
11333
11335
3148
3150
3153
3161
3167
3170
3173
3179
3180
3188
11382
3196
3197
3199
3207
3222
3234
11431
11433
3252
11447
3261
11458
3268
11466
3280
3281
11474
11476
11479
11480
3290
3291
11485
3294
3301
3303
3311
3313
3282
11507
3319
11526
3341
11539
11547
3363
3369
11568
3384
11584
3393
11587
11590
3401
11595
3419
15952
14223
3425
11625
11626
3449
3455
11653
3467
3480
3481
3483
3486
11679
1946
3492
11690
11691
11695
11506
11704
3515
3516
11709
11711
15789
11717
3527
3528
11723
3535
3536
11730
3540
3543
3544
11737
11738
11741
11744
11746
3556
3557
3558
3561
3564
3568
3572
3574
3576
3580
3581
11774
3583
11782
11784
3598
11793
3618
11814
11816
3334
11823
3640
3642
11836
11845
3655
3660
3670
3673
3675
3685
3686
3688
3703
3704
3707
11910
3721
3729
3748
11944
3760
3763
3772
11555
8826
3812
12011
3825
12021
12024
3835
3836
12031
12039
12040
12041
12043
12044
3855
12048
12053
3868
3869
3376
12095
12105
3915
3921
3922
3929
12125
3957
3966
3969
3972
3975
12184
12201
4016
12209
4018
12215
4024
4025
4026
4038
4043
12237
4047
4051
4054
12248
4059
12964
4063
12256
4070
15697
4085
12289
12293
12299
12301
12305
12306
12308
12309
12310
4119
4123
12317
12318
12326
4142
4144
12337
4147
4149
4150
4156
4158
12358
4169
4179
4180
4182
4200
4211
12411
4225
4226
4227
4229
4233
12441
4250
4268
4269
12470
4279
4280
12475
4303
12501
12505
12514
12537
4351
12545
4360
12553
12555
4371
4372
12570
4388
12587
4406
12599
4422
12616
4433
14392
12644
12645
4463
4464
12662
4472
12665
4476
12672
4485
12684
4495
4502
12696
12702
4512
12709
12718
12725
12728
12729
11678
12731
3487
4547
12743
12746
4558
12757
12765
11684
12767
4577
12770
12783
12784
12788
12789
4601
12973
12806
12813
12820
12822
12824
12826
4637
4638
15793
4663
4665
4673
12867
4677
4686
12880
12881
4704
15804
12914
4726
4732
4739
12940
12950
12952
12955
13081
12961
15961
4772
12968
4777
4781
4784
10356
13000
13004
13013
13015
13019
4829
15823
15825
13037
13039
4860
4869
4875
4889
3545
9008
4903
4904
4919
13113
4929
13122
4940
13136
13137
4948
4951
13144
13147
4964
13157
4969
13168
13183
13195
13198
5007
5011
5014
5018
13212
13218
15856
13223
5036
13233
13234
5049
13243
13244
10400
5063
5070
5077
5078
13271
5081
13284
5095
5098
13292
13293
13295
5110
5111
5120
5121
5127
5129
5138
5139
13333
13334
13339
10416
5159
13352
5167
13360
5172
5173
13367
5182
13375
13379
5190
13383
13388
13391
5200
5202
5210
13408
13412
5221
13418
13419
15890
5235
5238
13431
13434
13439
5254
5258
13466
5275
5297
5299
5303
13500
14539
13521
5348
5350
9083
15910
5361
5366
13559
13562
5372
5374
13575
13577
13582
5400
5403
5404
3631
5427
5432
5433
13626
15925
13638
5452
5457
5459
5460
13653
5465
5467
5468
5472
15930
5475
13672
5484
5488
5495
5497
5499
5503
5516
5519
15938
13716
5527
5528
5533
5535
5536
13732
5543
5557
15944
5565
5570
5572
15947
13781
15950
6393
5598
5599
13794
5604
5606
5616
5620
5623
5630
5641
13228
5654
5656
13849
5660
5665
13861
5679
5686
5698
5702
5713
15970
5717
15971
5730
5741
5744
5755
13951
13958
5769
13964
5773
5775
5793
5799
5809
5812
5813
5814
5817
5821
15989
5831
14032
15992
5855
5857
5860
14057
5868
5877
5878
5880
5881
14091
14093
14095
5907
5912
5915
13273
14114
5923
16005
5928
5937
5938
5944
5945
5947
5952
16010
14154
5967
14160
5971
5974
14170
5993
14187
6001
14201
6012
16020
6020
16022
6027
6031
6033
6036
6037
6042
6053
6058
6060
6064
6066
6068
14264
6094
6099
6100
6137
6140
6147
14347
16044
14351
6162
6163
6168
6173
6179
6185
14386
6199
6200
6207
6211
14409
6230
14428
6237
14432
14433
6253
6254
14447
14448
14450
14452
6261
6269
6270
14478
6295
14490
6309
14511
6323
14530
6347
6351
14546
14552
14559
6379
6381
6382
6388
6390
8668
6399
14598
6409
6410
6425
6427
14626
6436
14631
6462
6480
3810
6487
6490
1081
14738
6515
6517
6521
6523
16105
6533
6543
6544
6546
6548
6549
14749
14750
14753
14762
6575
14771
6591
14784
6610
14804
3832
14810
14813
6628
1104
6635
14828
14831
6646
6651
6653
14863
14866
6682
6697
14894
14906
6717
14929
6750
14946
6759
14954
6766
14963
6776
14974
14976
6785
6789
6793
6823
15017
6830
6844
6853
6855
6856
13430
6861
6865
6869
6872
6896
6902
15096
6910
6916
6939
6948
6963
6973
10723
7002
15200
7029
15232
15234
7045
7050
7056
7066
7068
16056
7104
7106
12107
7117
7137
7154
15364
15369
7178
15374
15377
7186
15381
15382
15402
7221
16061
7237
7238
7241
7254
7261
7263
7287
7289
15485
7295
7303
7309
7313
7314
7328
7329
7345
15538
15539
15548
7368
7369
7374
7379
7383
7394
15609
10793
7421
7422
7426
15622
15630
15631
7442
7452
7453
7458
7462
7463
7468
7481
15676
9440
7501
7505
7517
7523
7531
2624
7563
7565
15761
7572
7587
15781
15782
15783
15784
15785
15786
15787
15788
7597
15790
15791
15792
7601
15794
15795
15796
15797
15798
15799
15800
15801
15802
15803
10825
15805
15806
15807
15808
15809
15810
15811
15812
15813
15814
15815
15816
15817
15818
15819
15820
15821
15822
7631
15824
7633
15826
15827
15828
15829
15830
15831
15832
15833
15834
15835
15836
15837
15838
15839
15840
15841
15842
15843
15844
15845
15846
15847
15848
15849
15850
15851
7660
15853
7662
15855
7664
7665
15858
15859
15860
15861
15862
15863
7672
15865
15866
15867
15868
15869
15870
15871
15872
15873
15874
15875
15876
15877
15878
15879
15880
15881
15882
15883
15884
15885
15886
15887
15888
15889
7698
15891
15892
15893
15894
15895
15896
15897
15898
15899
15900
15901
15902
15903
15904
15905
15906
15907
15908
15909
7718
15911
15912
15913
15914
15915
15916
15917
15918
15919
15920
15921
15922
15923
15924
7733
15926
15927
15928
15929
14942
15931
15932
15933
15934
15935
15936
15937
7746
15939
15940
15941
15942
15943
15945
15946
7755
15948
15949
7758
15951
7760
15953
15954
15955
15956
15957
15958
15959
15960
7769
15962
15963
15964
15965
15966
15967
15968
15969
7778
7779
15972
15973
15974
15975
15976
15977
15978
15979
15980
15981
15982
15983
15984
15985
15986
15987
15988
7797
15990
15991
7800
15993
15994
15995
15996
15997
15998
15999
16000
16001
16002
16003
16004
7813
16006
16007
16008
16009
7818
16011
16012
16013
16014
16015
16016
16017
16018
16019
7828
16021
7830
16023
16024
16025
16026
16027
16028
16029
16030
16031
16032
16033
16034
16035
16036
16037
16038
16039
16040
16041
16042
16043
1897
16045
16046
16047
16048
16049
16050
16051
16052
16053
16054
16055
7864
16057
16058
16059
16060
7869
16062
16063
16064
16065
16066
16067
16068
16069
16070
16071
16072
16073
16074
16075
16076
16077
16078
16079
16080
16081
16082
16083
16084
16085
16086
16087
16088
16089
16090
16091
16092
16093
16094
16095
16096
16097
16098
16099
16100
16101
16102
16103
16104
7913
16106
16107
16108
16109
16110
16111
7928
7939
12246
7954
7960
7968
7969
12251
7984
16193
8016
8037
8056
8101
8116
8118
8124
8137
8164
8166
8168
8188
1666
2318
14996
2588
2608
2609
2104
1849
16777
1986
2372
2381
6612
16348
13920
2659
1896
1809
19
5890
772
5765
1542
7568
3064
6038
2501
5980
5979
7870
5055
2754
1476
197
5747
467
2936
4187
3292
227
1895
1387
6005
6007
5587
3908
4006
4295
4747
2833
4660
6298
708
21
874
22
591
5296
758
6937
12298
6990
5295
3762
248
699
12814
5137
6146
3757
16407
29
1054
4127
1057
3106
35
9254
39
7722
7724
5170
563
4670
13376
6721
308
10311
9802
5203
7258
2653
608
6744
3687
5226
359
4721
5746
4029
118
6265
9090
5248
130
4885
4745
654
1168
5266
3224
2330
5284
5292
5293
5294
10952
4199
2745
189
703
2241
202
2762
3794
215
3803
2269
743
5360
5355
748
238
3823
3824
4849
754
5757
8488
6392
2811
6537
8445
6914
10500
10368
780
2322
17685
17686
3864
294
808
4393
2350
4400
3378
17725
318
835
324
837
3914
4941
6642
851
3927
3418
7652
4447
4448
871
3946
1903
10101
7032
3134
379
1404
4500
4480
5866
80
9963
1417
1421
17726
10130
10132
5358
7838
8094
4848
425
4013
8860
4015
7088
7096
6585
220
5566
9665
4034
1475
5282
4907
1995
460
244
4561
2002
1491
3032
7641
5084
6308
8163
10214
4347
494
2545
10226
1011
17661
507
24
962
4793
4792
2780
7794
5428
4790
4791
25
4794
4795
16387
16388
5270
278
27
5444
1695
9253
1073
312
4597
15304
74
5464
2271
3701
4746
5424
7686
5832
760
4270
368
435
372
759
17720
5149
28
206
783
6225
216
953
4095
1536
2563
9732
4620
6159
528
1041
531
5140
9749
9753
30
7712
5154
9763
6576
6696
4649
9771
3628
4653
6138
2950
1117
2614
7903
7230
4106
7776
6734
594
2646
7257
1116
3677
3678
2655
3680
7266
5648
5224
15334
1134
113
616
1656
2169
8315
124
1043
7806
641
642
4800
1671
4744
11542
139
961
141
7312
16473
6293
8343
7875
153
2714
6303
1698
8358
6321
2746
704
195
211
6093
214
9431
4315
9436
7593
223
737
5858
6371
742
3818
7404
237
6384
756
689
2295
8960
11562
11563
9709
11564
4367
12561
3860
3800
2840
11545
4891
1825
11561
298
1836
11565
11566
11567
304
2865
1842
4915
5946
6280
5436
4831
2243
2887
4937
11569
1800
3405
339
6997
343
6492
9609
3936
6496
2914
7526
3944
362
3952
3441
7027
6516
11570
6021
6534
2951
3977
3980
6034
5144
2456
4249
4003
3499
3500
668
431
432
7607
5560
954
3009
4549
6089
9674
3533
6606
2511
9682
3031
6108
990
6624
4602
6630
1002
9708
2541
1520
1009
9716
6134
3923
1530
4092
7756
142
176
177
178
179
180
181
186
188
190
191
193
15373
10092
628
6262
31
1023
32
1377
1024
391
13116
114
12499
949
2969
7038
3867
10777
33
4355
7529
4634
36
3208
5193
3681
3960
2562
3602
6686
1058
41
42
1074
2105
85
2650
9323
1132
4718
5239
2179
649
5789
4787
3765
8376
8896
11973
715
3274
13515
10959
1063
2267
3806
15079
3816
16112
2803
1787
5373
9482
279
10525
10025
810
4407
3913
5466
1887
5473
12131
16232
16233
3445
375
3993
4505
416
1953
1456
3570
3006
3541
10712
988
6110
6626
5608
2028
37
38
313
4282
8258
6339
165
3815
6029
6223
8103
1658
1851
15359
9301
11009
3610
544
40
554
93
2107
1087
65
240
79
10833
3257
3258
100
5905
4210
957
1141
3709
16235
657
3736
5785
9370
16239
5281
674
16240
8872
6829
8878
2227
7863
1722
14362
12008
2768
11985
9762
1747
1827
880
225
7542
739
6373
3814
3817
3821
3822
751
241
15058
9460
1783
761
9978
2819
3849
12042
2991
12563
11022
4058
15655
7982
2875
3390
3909
3398
2888
16204
2894
16241
1374
11616
1890
16234
16236
16237
16238
15727
881
16242
4982
376
1913
13204
383
319
9368
2876
4587
9101
2960
5869
925
5023
5542
3910
8348
2975
12425
3912
11703
8639
3520
11201
4853
11720
459
471
3039
5199
7162
486
2027
8684
8173
7151
10235
3071
7264
1388
4238
4482
2736
8257
340
3925
7796
3493
254
43
44
9883
1898
10499
4484
7573
1673
1564
2190
4802
5013
9878
3739
9885
9886
9884
9888
1441
5539
4517
424
46
9887
3266
4936
5456
1494
599
1496
6777
2410
5232
2678
1529
1531
8574
4196
4776
7172
6291
5613
150
8750
6430
2978
686
4798
2239
578
8773
13511
10703
4845
11632
16116
2422
3979
5004
12817
11543
1955
17092
17093
4684
212
4693
7640
12639
612
4069
6121
14331
1624
421
1703
386
403
1715
51
317
4607
1065
4399
8306
8307
52
6808
1855
53
7455
841
6125
15310
6673
6674
7224
1400
2299
12393
1623
3093
8627
1088
9283
2657
625
2173
7812
655
5136
3756
3791
4817
7397
745
746
2769
9980
11527
264
1752
8487
307
3412
346
5470
5491
10019
6889
3965
6017
2952
2953
3984
405
922
5022
4526
4527
4020
4001
973
4172
463
3549
4575
12769
4067
1020
6658
7174
14346
4120
8230
4140
559
560
3639
56
11329
7234
5201
3163
10338
7795
5253
1158
5256
5261
2706
2718
7343
4273
6834
696
4804
17099
2337
218
17631
7035
1257
3831
5371
2816
4357
3336
5900
3858
3859
3863
2949
8514
325
1862
3402
1884
862
4455
4979
7034
381
382
389
2970
5531
932
429
2481
5044
15300
2504
4571
10204
5094
510
3090
5558
1881
1151
1535
1923
10125
9365
2211
6598
939
942
1459
13492
2233
4105
1085
5826
6214
4296
4434
9400
4921
992
9313
8167
10931
765
9286
1406
9642
2055
8203
6700
8917
4164
523
9293
597
86
109
4722
5750
1728
3669
11713
3727
2708
351
1691
8349
201
3278
802
2259
6874
3876
12005
2793
9975
5331
262
5897
8458
272
5762
5908
1815
11652
6446
2864
8499
2361
4426
2379
2380
863
11655
4450
11621
7031
11640
11647
1412
5184
2439
5006
2448
11672
3992
7580
8452
7076
4005
4521
6726
4011
5554
960
7105
1988
730
4045
11726
11729
11732
718
4060
3051
5100
7507
11712
3967
777
9100
7065
5673
66
67
3546
1512
14893
3645
13377
9937
485
1482
2648
8201
8202
6157
10295
10296
329
3115
5071
3588
5824
2262
3470
3753
5551
477
3905
5708
2536
6764
2797
5489
763
14086
16519
444
489
702
9667
9822
9734
9736
3085
9742
685
9758
546
547
8741
1064
9770
3636
7740
7742
5697
4163
3653
3679
8313
5264
2197
11420
6311
4267
2237
205
8312
7393
7399
5363
6389
10280
7948
5398
3865
801
6972
832
4421
2889
7003
3934
2916
357
2409
8047
8048
2931
3963
11842
8606
443
6084
9673
6103
9688
9698
8685
9714
9715
9720
6655
4872
522
11790
12249
11675
4825
3121
2229
6198
1625
11509
631
73
6148
1032
6160
9756
8222
5663
9761
5672
5683
4173
3152
1119
3600
1642
7283
360
8211
5768
15506
1174
3227
4252
2206
7849
2223
4126
2238
7881
5322
9427
6875
224
226
4851
3321
4389
5932
302
10031
820
11571
1850
315
5439
7495
6475
6479
3410
7520
8569
2939
898
5507
9625
6557
6558
4522
452
454
1486
9680
9681
7160
6632
6124
6126
7159
504
3066
2730
996
4108
2804
6644
76
8225
5128
11792
4630
1562
7709
3114
1586
10333
4165
4166
7265
653
2198
4257
4779
11459
203
551
3829
6924
3360
6452
5943
2356
5440
14659
17773
14195
2437
7100
3012
8353
9718
15263
813
695
4586
17646
1781
1014
9993
5283
8385
6614
721
3882
817
4605
4254
6035
4994
1796
4870
6431
4910
3491
7972
8241
6326
5304
7839
6203
2245
1864
4204
526
2591
4646
3113
1579
8776
1114
8328
8329
8330
8331
8334
8335
8336
2205
4255
3254
1721
3320
2814
1804
809
812
3388
2899
1677
373
3462
5003
4511
1440
1462
2992
1457
9662
2516
5080
997
1517
497
2552
3065
5117
84
4640
4641
6858
4585
6164
4983
6909
6401
6402
6403
6145
6286
6304
6562
6312
7476
6467
333
6113
6114
11620
7814
7115
1005
239
5357
2641
3606
4122
11934
8368
1708
8367
1468
4420
2146
2420
7161
2847
7749
16675
7250
9820
9824
8292
618
112
9844
6271
4288
5263
149
6810
196
13985
6313
7338
2732
7538
12469
1395
4046
710
4306
2851
3305
3819
1746
755
5879
17671
1811
7961
1559
16687
16688
3889
3293
1356
3899
326
8091
3916
6483
883
7544
3964
4479
5001
9098
4492
3985
9106
3995
7073
7378
1958
7080
3497
6062
1472
8133
7622
3020
3025
983
8153
10432
4076
6640
9723
1823
3596
5141
6166
7203
16427
14384
692
14407
13913
10374
5269
16672
6349
252
6940
2336
16689
10035
2868
4405
1853
11609
2400
17763
3438
2941
6527
1963
6063
5191
981
3030
4576
1505
15342
7163
138
6419
1563
2619
91
8284
1778
1951
4588
1644
2735
92
7298
1768
2702
1082
3990
3862
3986
2157
3996
8347
7855
3761
3893
3894
3896
956
10911
3895
11993
478
3828
94
95
7983
10889
16249
6247
9294
97
6911
4132
9903
8025
98
4460
6009
4349
6912
7950
10912
3811
4198
14829
4382
10567
17737
17760
6756
16629
7009
4995
7402
7063
6579
4102
3710
5642
7185
3099
540
9251
9252
9255
9256
9257
9258
9259
9260
9261
9262
9263
9264
7217
14905
7229
2116
8219
7768
6243
5223
7273
5748
4224
667
7024
679
3752
16668
6319
3954
2246
6344
5833
5834
210
2781
3809
5864
7890
2812
6398
8970
7970
293
828
5949
1860
344
8030
6495
8557
3440
4466
4990
1411
6705
3976
796
6014
4014
2993
437
6582
3518
450
1996
8145
5590
4570
2018
4077
6647
4093
102
7296
8194
8720
8098
5255
4017
3906
1485
8276
104
105
2543
10066
6395
106
16291
7334
750
5634
4437
12860
7239
5704
5714
5739
5742
3201
3719
9901
1717
6839
8888
3795
2772
2794
1772
7918
1788
4868
2344
843
3926
9573
5998
8559
1397
1414
1433
5537
1449
5546
16346
6069
449
3033
5086
15336
2025
1006
5625
3067
10252
12319
8453
6736
8290
7280
10377
2700
2701
151
8644
9402
8380
1740
8652
4642
2774
4854
7927
4368
8476
5407
15148
3891
1847
8517
6983
6028
5477
893
4498
7081
9138
4031
4044
464
9038
9964
5389
11663
4759
3217
5522
4892
11654
11649
2741
3511
3897
10994
11224
2137
4729
5216
7408
10995
10996
10997
110
111
944
2999
143
6300
5279
6836
8632
9406
4806
5064
4938
6519
479
480
481
15338
6767
4617
4618
556
1025
274
9747
800
15280
17735
5196
722
14820
1000
115
117
1659
6435
720
3416
3453
9668
8816
12103
3632
1402
17636
1053
8078
7579
2289
6386
1574
4661
5354
10303
600
602
8798
1679
4245
4246
5280
10925
10926
4980
10439
8483
2783
8314
3878
5362
5368
7427
4373
1831
8526
4152
4975
7028
3458
4997
4489
7057
3519
1984
5085
5088
6645
120
799
900
4709
3943
1910
121
6731
337
15734
6716
122
4161
10890
12808
12869
3720
7786
9676
2195
5207
6687
2088
10816
6070
624
636
639
5763
6278
5778
5795
5803
5804
6317
2763
2680
8407
228
2291
2294
4348
1794
6411
1806
301
6025
5950
10054
1868
5458
5973
15212
877
6000
1920
6032
5521
6045
1448
6059
6073
11716
8651
5585
4056
338
3060
127
134
2184
946
310
440
7867
3903
6860
3953
125
361
126
258
5637
5512
5595
3918
3035
12533
635
6545
5020
8243
4962
4837
458
2925
7506
16923
129
9823
9920
9902
8309
12288
15365
2064
4116
7701
7192
6692
4134
4136
4138
4143
562
565
9797
4685
6077
3189
3702
7293
133
646
10932
3866
5285
3751
168
169
4778
10930
5300
8567
3793
1755
3804
13535
3820
766
7936
269
4652
5251
4146
2877
2878
7135
7510
7511
4440
866
2922
1899
3959
1912
1921
7146
3988
8099
4007
4055
984
3037
6625
6116
6634
7156
4862
5381
140
7825
921
1985
9992
6284
4304
4687
4324
3431
10044
10738
3699
10301
1144
11537
1370
17716
2367
4774
5312
2789
135
4934
144
4277
1533
2102
4101
9671
6921
4656
8266
6867
4112
4170
4171
8271
2152
8305
6310
4263
170
8390
6356
10501
10502
4370
287
4385
305
314
4432
8534
14739
6556
4513
4536
2492
448
8643
488
543
8738
2605
561
2622
585
10836
6745
2667
622
14959
2696
8846
8851
4760
682
4797
8904
4813
3193
753
2806
8968
3503
8989
6943
11041
6958
2869
9017
2890
2897
15186
12430
2911
9060
9074
7037
2945
2948
2957
2965
9115
2310
9126
3021
3041
3046
3057
3068
11262
1037
5156
1075
3128
1083
5189
3143
3155
11354
7279
5234
1145
3235
9418
5323
11472
3297
3328
3343
3354
7474
3391
1373
9577
15728
15729
3485
9647
9651
1464
9675
17873
9686
4959
9697
7653
7654
11798
11799
11800
11801
3626
9786
3690
5743
1667
1674
5777
3733
3737
3746
1706
3789
5838
3799
5849
1759
9959
5870
3826
7944
10020
10023
10057
1875
5978
8028
5438
6022
1928
10143
10149
10228
16330
12259
4075
4084
7173
908
3637
17086
7363
1607
10443
17634
3683
1390
369
899
9069
14727
527
6893
15254
15255
15256
5529
12654
15257
11501
1571
7702
4009
321
4162
4548
6471
969
589
5968
855
2776
11484
989
5091
5988
6352
6510
9461
9464
1150
1107
726
17869
2515
1051
1108
1156
4307
4631
4030
4000
8109
5039
6918
7372
10126
734
145
5145
146
4290
3205
7367
6091
3185
10001
9425
147
2183
14249
2076
1489
1396
2265
2132
5669
5720
4710
1135
9852
3231
4809
6885
3307
7934
2319
827
6986
347
6498
1105
4595
8144
17790
5079
4036
731
152
8462
4491
1817
154
3355
3356
3104
5801
1600
16714
6086
9432
6991
4844
767
7061
3461
15360
8082
6681
3870
12451
10282
4398
14638
670
1859
2884
4557
6903
11356
6109
3168
10551
8990
3183
6837
370
157
11957
5119
2305
7988
288
3881
1799
15301
16455
982
350
4078
3571
5496
9082
159
160
161
6208
162
1091
6725
2790
4423
6890
6470
7603
5396
5397
12225
2844
6209
6600
4130
9699
7141
1055
2810
8446
4514
164
6445
9658
9659
3526
10276
4666
5480
4861
3847
397
8360
1077
1524
5183
17863
7284
167
1013
1015
267
1581
5093
7754
4819
2461
4380
829
5393
17755
15412
7584
7043
5406
2497
6613
1556
8565
9731
5132
6573
5653
6574
1590
17868
15143
15141
1627
9364
2203
9380
542
8394
8420
7401
3246
774
2122
15140
15142
11995
11996
7306
2358
2186
4425
1876
7823
10109
2430
11997
9366
1423
11665
8085
926
7078
5032
1454
2485
9377
9378
4564
4565
15137
5083
2014
9704
6123
2029
5102
5103
1010
1527
675
173
501
174
175
12723
6182
6563
2081
7917
8661
6456
1466
4840
5561
6564
6565
2861
3890
2489
5658
7335
2188
2124
2912
9988
234
3612
3887
8393
3396
7632
10086
6016
398
14642
5302
5305
17977
2910
3433
1676
8722
1938
3743
5825
14611
2928
2866
17625
4302
14284
13780
5930
2821
4822
3479
834
804
5816
442
7355
6003
5584
5719
349
3296
5985
6011
5737
3682
2726
3625
2167
6202
5097
3414
1582
4247
3617
5553
2487
11714
6970
2001
889
11775
1541
2566
5891
5681
4160
3149
1643
4716
701
5758
5790
10440
3277
6357
3843
4867
5899
3362
3386
5954
12126
6018
6019
5508
5518
1947
5556
4542
5576
975
5591
5594
7644
6118
4091
5629
16424
16425
1592
6720
5185
5186
5187
5188
1632
2674
638
6827
7359
198
13011
6879
1149
8956
16132
798
2352
10566
3411
13179
6102
9689
5096
1004
4599
640
15117
5636
5573
5650
5230
6043
2347
5959
6024
5706
5547
3563
5514
5502
6838
5291
5033
6153
13324
8727
5687
7231
3147
3662
2643
6235
3178
619
6765
3123
8982
7833
1693
672
3955
5828
219
11998
14563
12006
10485
10505
16663
13082
2846
3373
2874
3919
3931
3942
15207
11068
7025
10103
2938
2943
9279
1927
394
11156
4504
7748
582
10169
4050
3036
8683
17903
3579
270
15772
4384
12378
6314
9780
4801
232
6770
16355
16353
16354
7907
16356
16358
16359
16360
16357
5101
498
7414
4369
7204
2087
846
1751
15577
15652
9828
16778
2855
8108
7126
7017
8073
9738
2731
9773
1160
9677
1622
4579
2909
3400
7567
3211
2066
2340
11322
1863
8403
2140
11628
11638
549
5162
575
8787
14957
2691
10373
4754
7333
4977
10935
11970
17097
10985
9465
11002
9484
9999
3861
3370
2862
6459
7537
7561
2798
2463
3494
423
7085
11694
14493
6071
11687
2040
209
5487
17154
632
6408
6104
17149
15770
4645
7978
2989
8818
606
9798
3038
3700
1608
937
493
567
2250
8027
864
1392
11764
892
3711
10757
904
8278
13323
7183
3937
3938
1641
6528
7168
7691
11415
6250
8671
8562
11803
8254
4928
15252
6690
8563
6486
9051
4205
9971
7432
4396
7069
8226
12199
6429
7990
3525
8268
16483
2660
10853
5751
6368
4419
7153
1650
4402
4139
1710
14731
4442
7530
3693
222
7317
268
7316
7324
6955
6812
6067
570
712
713
4580
4968
6633
3848
16531
4012
3834
1939
5059
11643
3740
15517
12680
4107
2576
2723
6718
6096
579
580
229
230
2795
2796
661
4111
3661
6753
6675
8835
2716
11735
4627
3323
3542
8496
9028
5471
11617
11631
11642
1403
5530
11734
11676
15335
2034
1540
1451
1713
11721
1495
9678
16349
1916
17356
10574
8823
2559
6358
3310
7347
3165
830
723
2016
3695
7412
6158
6177
5052
4350
16415
4736
16770
16416
236
3792
2720
3131
15440
11639
11780
5647
5684
6722
2120
6746
617
12433
9874
8857
5822
6348
2801
10490
2316
5764
17694
5451
17744
1874
11619
5948
879
5538
6004
462
5586
5596
545
4096
2837
2724
7351
573
574
8132
1617
9967
5862
895
3073
3842
6192
1724
4769
5844
17638
10477
6268
4261
4674
6660
6661
17096
6222
8036
256
3076
17752
246
247
3468
7956
4654
12873
8296
1549
250
251
842
4883
10046
5823
1031
10153
1357
791
15133
257
1162
3597
10202
1161
7777
7824
14645
2284
2033
8398
5674
9004
6806
10341
11120
5286
2645
355
4207
263
4743
8635
4159
4154
2620
265
266
4496
4497
8509
8511
5090
9453
2546
6947
5401
2490
1473
5811
2974
17112
2094
7521
5107
532
885
4600
6136
273
1046
4516
2990
6088
4299
9303
7094
10189
10227
9814
17791
909
275
1027
276
2053
1480
4028
10384
8752
519
1036
14862
8733
17117
15458
8809
4796
2163
11393
10383
4783
11991
10974
5861
6405
10007
15762
5469
3422
1894
7016
15763
15764
8604
3488
4515
5037
8111
945
13257
6482
5115
8191
770
4100
2579
3611
7713
1450
5099
6992
2904
7176
4353
8485
9280
14839
9308
9361
2450
794
1692
1368
1439
933
15144
284
5925
9274
9275
9278
2335
5622
3406
9271
8416
9314
11984
8426
9276
3184
2679
4619
4569
15135
1552
1714
3169
1120
12402
4216
4737
2226
4215
17655
285
15136
309
17757
4456
3989
2478
15282
7655
2987
8998
11683
17714
711
5367
4720
1113
13924
10847
4213
2005
1305
4217
517
1416
1943
1589
1848
1602
13153
1003
4999
12966
3434
290
4352
4609
8374
4248
11451
9956
16613
2854
16653
811
14639
2366
3421
4446
911
3987
2472
1975
4555
9722
3469
8867
8873
6978
10444
17751
17630
12020
13258
1572
17745
12034
13558
295
4714
296
6754
6755
8293
5798
297
7992
4524
6968
3142
3058
1547
16131
9383
11056
7282
5214
2275
5370
2428
7179
6227
5142
5787
3982
303
7177
5040
320
306
5267
4659
2009
14620
15447
8523
1618
5581
10854
5607
5609
8573
8522
3454
14480
11883
5324
12699
8160
7459
3509
2973
7443
6171
6846
5567
6976
451
6370
3171
2673
10962
1918
4879
4251
14900
5690
7227
16574
5975
9816
2651
6884
5624
5886
6047
2721
6050
7269
5479
553
5807
6333
5526
11000
6332
316
3667
6814
847
3970
6149
7693
6680
6127
6128
4520
6961
6752
7247
2280
335
6129
4594
2085
8140
2510
2003
322
7710
323
9857
1045
2218
7384
2020
8210
11551
1977
5506
4374
4764
1069
11573
10832
16630
7310
4894
6953
584
8377
8378
6488
5851
6882
12389
1028
1029
1030
2570
1940
664
795
12421
6065
4978
17852
330
13267
12759
17870
14080
6236
621
331
332
4771
7682
738
10852
334
1153
4606
336
5712
15489
6919
6529
7184
666
677
4278
4285
8001
7876
6597
714
4688
5760
3622
5693
5962
5212
5066
1008
3971
4643
341
4310
7789
342
14294
505
8196
5163
419
420
2984
1720
10941
1870
5166
7791
2600
3706
1059
7792
7175
7199
2593
8121
2149
6788
2181
683
6320
9938
6608
13069
4925
4933
8531
7527
6006
903
16265
10129
6578
6607
10220
10221
16380
7170
1933
11670
11671
1970
7734
7735
2253
3158
9687
5510
10009
7952
7831
8987
1566
2725
4648
6330
3907
4037
5850
352
8049
4114
4115
4117
5157
9787
9788
9789
9790
1106
9382
6950
6525
3885
9088
7046
6550
3002
6469
395
7692
5958
5961
11722
3175
6821
680
17193
11698
1080
358
10988
6369
9979
5992
404
4799
17918
363
3380
6441
11488
6826
1952
7371
8381
7887
7888
8687
3731
3101
6878
2498
6693
4918
923
7581
2815
2473
9014
15425
5446
7245
8795
3676
2274
366
978
367
11680
4041
6959
6960
4428
7891
7552
4590
1665
16772
1125
1812
6840
3790
9042
487
378
15500
5917
2728
8548
11496
17667
1852
1832
3209
16570
12458
13806
4311
8667
16203
7711
4680
8777
7767
8291
7380
16180
13648
13539
6524
385
9107
387
3397
8925
8771
9890
2261
17762
13797
7415
418
5759
10497
2051
17856
15626
787
14575
6694
16263
8117
1980
845
9741
10840
10078
8850
610
11749
6920
11689
5639
5580
4459
396
825
1603
1062
620
2886
7731
8572
7732
399
1446
1682
3643
15243
15244
401
402
7700
927
928
929
819
4566
4567
4568
10472
17909
4537
5445
5441
14304
7194
8486
4717
7562
4033
7294
4002
7206
10907
6316
6206
10435
3289
1115
7773
6530
4103
6474
409
5217
7642
4519
971
3256
410
6272
6273
4865
3599
2193
6167
4129
936
833
7110
4297
4826
5113
2856
5112
6652
411
6561
9079
873
7551
4451
6439
7086
4893
3437
2573
3471
7513
1829
2363
572
9084
9801
7114
9953
482
876
417
1954
3880
474
10914
1453
9114
9116
9895
8077
3249
9391
426
2500
433
5194
5195
5233
4220
5761
14989
2748
11966
11967
11968
11969
4843
8467
5939
5970
6008
6010
7588
4532
4533
5707
775
2713
4976
9779
9949
6966
2134
6737
17141
17142
8086
3851
3886
12380
10294
1212
16704
2373
17621
5209
8417
9328
3450
1797
5442
5356
886
4756
7131
11144
6971
8382
7669
3951
593
3856
6859
2644
963
2369
941
4703
9855
17687
2131
3689
1147
4271
3904
5494
436
10386
11613
4993
17719
17723
3016
10080
8433
1067
1071
9856
6285
6318
5827
12498
6372
4855
6437
6956
4436
4957
3941
7253
441
2128
1419
1040
1553
2839
11674
4194
6307
5670
3514
9919
965
6880
2031
11762
5876
10362
9917
6688
9270
9063
5644
10261
11528
5696
7419
17696
10334
6078
12241
10348
6809
12057
8863
9327
8495
8838
10335
740
4832
7396
8454
7931
14398
5929
823
8506
5892
5983
7013
10602
7545
10558
1409
7555
6535
15249
9108
7577
6046
5031
8621
11436
9664
9661
446
447
3524
16331
8654
4049
17707
3577
7240
13085
4525
8119
6592
7496
13769
4556
2297
5349
2471
2698
951
7911
626
455
8095
3466
735
1702
7089
457
11660
958
15437
12383
8546
5889
2649
9851
2059
5058
8725
771
2334
2341
934
10161
11438
2611
13341
11964
13444
3650
3381
1484
4816
12270
15206
5174
1442
1159
2820
3547
1736
15211
13061
1444
1616
468
7413
633
7676
469
11134
4461
9781
14991
1685
12398
3883
9775
15113
10305
12230
8142
5053
12143
10609
3732
11913
9488
2067
14510
10072
10073
3559
9043
472
473
4265
4262
4354
2572
919
6620
4611
11622
2160
2425
9962
10576
10577
10578
10579
10580
10581
10582
10583
10584
10585
10586
10587
10588
10589
10590
10591
10592
10593
10594
10595
10596
10597
10598
10610
10611
10612
10613
10614
10615
10616
10617
10618
10619
10620
10621
10622
10623
10624
10625
10626
10627
10628
10629
10630
10631
10632
10633
10634
10635
10636
10637
10638
10639
10640
10641
10642
10643
10644
10645
10646
10647
10648
10649
10650
10651
10652
10653
10654
10655
10656
10657
10658
10659
10660
10661
10662
10663
10664
10665
10666
10667
10668
10669
10670
10671
10672
10674
9183
11494
9093
9094
9095
6928
1079
2671
11381
1956
484
6605
2946
644
5054
8396
14161
3672
11994
12304
17911
9449
5671
7092
4901
1705
6761
3156
3055
8190
492
8983
496
1410
17672
17673
4626
6935
6824
7483
4810
17633
9548
9835
6296
7331
587
2784
7299
7403
500
6945
6568
6922
6923
4289
4581
3738
7197
8112
577
502
503
1488
2917
716
948
12097
4899
8237
506
4897
5904
5721
508
1033
1034
1035
9958
4444
8466
5378
10096
7798
512
1932
11666
5583
11669
2458
2332
4615
569
8770
3994
9316
2533
9322
11667
11668
8415
513
514
4294
8019
6866
3484
1833
11577
8000
1604
8138
1614
2662
9969
5364
4457
5667
518
2260
520
1506
1749
521
2474
901
5002
8079
836
17073
17072
11187
17076
17075
8275
729
7900
609
17074
4715
6703
2809
6279
524
6900
17654
6904
525
9287
5402
8712
2313
5592
7012
5682
5577
5977
5597
3325
2429
529
6186
7084
12392
12391
4040
4283
8213
2982
6825
7018
17674
533
8154
10976
8737
535
2117
1785
2078
538
5610
7788
773
678
541
7705
7222
10605
4852
6952
7766
4098
7256
9103
17689
5152
2595
550
5065
9163
6760
5548
6172
7914
2213
552
3198
555
4281
7979
7932
7933
557
913
915
8217
4195
4110
3550
2818
2962
943
6706
3635
6850
2753
8131
6341
16202
15450
860
861
8549
8550
15449
7801
4128
10474
2026
9360
3853
17794
5903
4507
14980
12549
15505
10519
17695
17705
3510
4939
993
3162
2143
12922
12593
17653
1567
6241
10207
14564
7589
571
1443
8907
9717
2891
7637
6444
10245
11710
581
3287
7815
2418
5051
3884
1669
6898
717
8383
3452
9819
16209
779
1427
12253
5307
590
4256
6315
5147
15403
5197
3718
17040
3248
8386
1753
7909
5352
7840
5198
7155
7181
12566
5544
12213
8804
9833
7524
8198
11425
7613
4039
16594
595
596
2998
15118
4931
1672
6154
663
15125
662
8229
6847
7268
917
604
7385
7386
11529
2587
11301
11681
4212
607
1422
17811
17691
8021
9772
17769
2423
3609
611
7650
6780
6783
5249
3586
9879
7449
3357
5408
4842
9896
7741
6220
6221
614
615
4089
7165
5123
5125
5126
5124
778
2959
5394
11549
12835
8105
14259
7122
13786
2677
5919
14138
13663
1378
10106
2323
3223
13956
5311
12330
623
10323
5310
4723
8319
11495
5754
3983
3973
627
1092
3072
11777
1544
1545
5830
15375
2582
15383
15387
5661
15391
15396
1061
9904
4614
16428
16429
16430
16431
12848
12850
12855
12346
6343
5694
3652
1611
3664
3616
7026
11870
1133
8543
15398
2683
10687
11907
8837
13114
15388
9921
1689
1701
10419
15389
12473
2752
1729
14533
4807
7882
4812
15394
4984
14883
12495
12010
9451
12014
5873
10491
16426
12067
2695
4920
10548
13791
11296
12002
15395
2396
2402
2915
16122
872
2926
1906
11434
4985
15393
11132
11645
4486
1428
13232
6899
7070
7103
2499
15392
14278
12745
10572
15397
9691
12567
15376
12154
10944
1925
3212
2008
8734
15400
14151
4293
1735
4876
985
2526
865
630
2687
10244
5774
2703
658
3221
5150
9652
7360
656
6507
6508
9869
3958
1565
10027
3379
2764
14159
7636
10487
13021
4071
12628
6671
9746
9759
7208
2652
11378
9748
17690
6895
3314
5913
4468
9679
10196
8953
2719
17058
17059
7694
12175
7783
786
8958
2567
924
5351
8387
3840
8084
650
17795
651
652
12013
4591
4592
4593
3766
16405
16136
13193
3213
16403
15253
16406
16408
16409
6170
16411
16412
8093
4383
16162
4131
8869
14918
16410
13745
14941
6581
16413
11078
2119
5986
6355
8026
13266
15072
13518
10707
5753
16404
11043
6215
3092
4424
660
4987
6305
6925
6926
6927
1687
16289
4523
7196
7643
5450
7006
2153
788
1126
669
12981
8287
1310
6244
4905
8285
8286
7611
4004
10048
4992
3335
3879
815
6407
8516
2955
9249
17766
2551
3978
16660
8980
676
6217
1802
2761
5122
10371
14299
1585
8129
6087
7757
3279
7129
6256
12532
3573
2298
5118
9023
1445
849
5301
2694
9827
5092
2534
2419
2180
2321
8619
687
5227
688
4884
4629
3003
4287
17728
6218
6219
3023
3961
17914
8492
8494
3838
4035
4390
16419
1750
16420
5287
1651
5288
8435
697
7973
7958
7959
7292
4914
4954
16485
6611
5462
15368
3594
15371
15372
15378
15379
2092
15367
6195
1597
2623
15370
5734
4201
15380
4735
2177
10897
10690
2199
2225
10937
8388
5829
8903
10445
4821
2785
8421
12025
5845
7942
5385
2317
7440
2329
1818
11042
10531
11051
10544
10557
4416
7497
13132
1879
12633
12135
2411
1907
12167
13713
1430
5552
11933
2488
2493
1474
15093
11759
8181
2800
10817
4574
2144
1555
12454
17693
706
707
6982
6881
1122
5549
6708
4676
4858
10145
3014
3538
4330
7646
3613
4655
4912
4913
4922
4814
7645
7647
1518
4596
7926
4731
4733
2413
848
5161
781
5105
8468
7188
2722
5155
3119
5330
724
2408
5953
2727
17692
1098
5749
7166
727
728
14627
918
7021
7022
7023
15486
2072
5916
5171
13833
7743
8136
14795
976
4258
4820
14842
14841
14843
3473
1570
6184
7099
4431
7075
906
3901
13040
4010
8709
2961
17854
13226
3382
16695
7482
12528
6353
8796
7058
5856
13540
17853
4209
11560
2306
4298
8410
6287
4988
1558
14892
14355
7344
7901
9135
7902
7904
5615
7923
6391
3130
8554
2466
8156
1663
5893
3392
3215
4773
6715
8397
8424
3239
4961
2615
15463
17764
12577
9362
10908
17191
2219
12231
1869
10329
6364
10108
2407
8815
4470
4952
2151
1657
7304
14498
11473
14663
14664
2377
3945
14200
6583
757
9702
13813
17677
17659
4503
11935
11936
5076
3181
8637
8240
17614
8064
6719
5208
2538
7342
10437
5236
10123
1936
6142
9385
7534
4219
768
6698
6833
15305
6473
15315
6229
6491
7398
6130
10336
1846
9298
1492
13823
5532
9379
9129
14256
1458
7994
7995
7997
7998
14584
1245
11292
5675
3225
5582
5852
5935
854
5517
5523
6040
6048
5564
2502
6056
3730
15262
5365
9304
7047
776
1369
1371
1372
2304
1931
1436
3094
1084
1460
8269
1129
1777
2311
2326
7052
7001
2398
1930
910
1437
1987
1478
1998
8159
7649
1514
1515
1534
7727
11482
16366
12271
8834
3216
3250
12733
2642
1130
12907
8204
8206
789
972
4713
2048
9865
2457
12866
13017
4443
5229
15344
9729
9743
9750
9752
15408
10948
8434
8493
9643
966
15327
793
15116
14995
5160
15223
15224
17123
15221
15222
4471
797
4501
3555
9029
4973
5148
17579
2848
805
16712
10453
17658
7525
8422
1165
7318
7859
10938
10940
7236
7585
8076
10939
6908
7142
7570
2279
12302
5725
9335
10874
10876
9356
12245
6571
2737
8392
12247
10965
8824
10969
10975
9957
7635
11001
6404
12045
12049
2841
12252
6967
4935
15220
13220
14250
2475
5061
10197
12250
12254
16394
8366
6691
9272
9282
3651
9284
9290
8594
8283
3692
7811
11372
15513
9372
1820
8375
10989
5384
4874
8472
7472
12634
8561
6514
8570
9281
9374
995
2044
11633
11682
7560
3083
2139
15132
11623
11504
8288
4403
3489
16113
4458
6151
9947
11557
11558
11559
15265
955
4057
2523
8263
14985
8270
7382
15459
1007
7873
5218
11811
17708
17615
821
2618
822
14367
14369
14371
14372
14373
14374
14375
14376
14377
14378
14379
14380
14382
6757
4711
4292
14368
1744
14370
8940
8448
14381
14279
970
5108
5972
1615
4719
5727
1962
8067
11636
8281
4871
4873
6666
7180
4803
1001
2414
4230
6030
3095
2015
5927
4850
2684
6981
2621
6979
6980
2382
839
3845
2142
10158
7448
8450
8032
4214
7717
8042
9825
9841
13696
3768
5048
16471
9842
5250
17047
11430
2258
14293
8395
857
858
1734
13906
6811
1660
7850
7851
6340
15245
1546
5272
5273
7327
9040
9706
11493
10185
5073
2130
9707
17644
11463
9711
10160
3998
6101
14314
12290
10256
15326
4550
12001
6930
7591
1974
2871
1609
1628
1905
2045
10193
10192
17155
878
4487
7962
1678
5380
5379
2901
991
6795
882
884
5038
888
4066
2988
4538
7744
2799
894
4008
3764
4021
4022
4032
3830
14540
2282
10150
6455
5633
7651
6503
9399
8832
10142
10981
10275
8692
3928
2830
10210
1637
4079
6080
15319
6115
7680
5711
907
2069
8409
912
6289
10921
2010
4706
4598
916
2168
10030
5205
5206
920
12329
12364
5375
9776
9307
7365
10834
3773
930
13202
10263
5723
4701
3177
6772
16662
7617
16661
12980
1208
11650
4898
5337
16619
16621
16622
16623
16625
16626
16627
16628
5887
3331
10504
3344
11651
9778
9034
5964
11629
11644
11646
11648
11656
8588
16620
16624
2482
4545
5575
11217
3554
8854
7439
2073
8866
9132
9133
9134
8758
8781
15226
1510
15228
15229
15225
15227
9086
4259
4260
5179
5176
5177
5180
5434
938
5204
3050
2264
3712
7820
1259
17864
15347
1012
7808
10003
8224
10405
10165
11708
13002
6354
8251
3674
8289
8123
17077
7708
17082
952
7564
4087
2210
2360
15510
4530
4531
5448
7370
11353
7390
14846
2270
6144
9989
7322
10913
7429
17818
16942
17775
7157
964
1826
1934
1652
7469
11829
8504
1401
12932
11523
5600
3110
3304
3841
6615
7424
4356
6711
7747
6864
6359
6360
994
8002
5259
979
4518
4473
17765
9030
5490
1686
9987
1966
14654
2141
3186
4767
4272
2751
4839
11497
11498
11499
11500
11502
11503
11505
8946
11508
4886
4887
4890
9007
3389
3456
6055
5511
9998
10000
5534
3107
4728
2903
5722
3045
5997
9968
5618
2454
9267
17622
1507
998
999
10534
10806
1769
16894
2145
1381
2750
4178
1716
9693
9701
8524
4412
9683
9905
2548
15362
15284
6779
6781
6782
1595
1018
1019
9847
9443
9657
9955
11337
7695
4730
1155
6667
10775
3624
16244
16245
2000
16243
16246
16247
7817
15149
7816
3641
17033
3705
1039
6141
6106
4361
4712
5994
1148
2590
7130
7275
7276
7277
4755
7822
7790
6449
7406
4584
7827
6747
10425
10934
7290
6643
8843
1047
16904
8200
9409
2133
9826
1052
7681
10850
2150
16119
17034
2740
4488
9369
14904
7935
3697
1060
5756
14094
3742
15328
11940
6120
1066
2171
6732
1959
10549
13387
9289
14234
7249
2802
1070
6176
15361
14180
6539
6540
6541
15352
15353
1072
2985
5701
1139
5800
3312
5894
4362
6049
5612
3575
1076
1078
2050
2399
10915
14889
14890
11618
15259
5614
2327
1490
4857
9871
11834
8147
2339
5652
4301
4690
11213
10075
9105
1093
1123
1094
5392
6324
1096
1097
15260
5391
5390
2929
1099
1100
1142
7880
1103
6883
15472
2669
9838
6684
8626
10447
13525
2415
12915
1111
1112
6361
6362
5982
6061
6281
4708
1124
13156
7826
1128
2365
2440
5784
6365
1892
5106
5776
2204
1136
1551
1434
1647
1865
2126
1775
4145
4153
1140
1554
6677
12836
16446
3654
4218
11403
6802
11421
11461
10441
12508
12753
2827
12072
16683
16684
16685
16686
11066
3939
12198
14258
14260
14261
14262
14263
14265
14266
10175
4553
2513
5109
1146
7475
3548
1152
1154
12390
5005
12917
16702
10222
2896
14324
1164
1166
3531
9898
16690
6917
10877
11412
11394
10462
10573
12691
14150
11063
1181
1222
1242
1249
5168
1255
1270
9444
1280
1284
5692
14947
1332
1351
15363
3463
6683
16680
16696
7354
3517
4300
3361
15145
11809
17652
14282
1376
12003
5996
4573
7494
3521
5060
5724
7639
1379
1380
1382
1383
1384
1385
1386
3082
3100
12975
6191
10312
3604
5399
10918
11635
9944
15504
2288
7946
7451
3413
11706
9019
1935
5030
11696
11697
11699
11700
11701
11702
11705
11707
10533
4062
8102
10014
1983
17750
8130
7336
4786
7362
10321
9039
9946
1391
5969
1580
6107
6887
5617
5619
5621
1393
7753
1621
1763
2654
2277
2170
2172
1516
16329
2634
7916
8721
16669
10050
14328
1756
1924
2589
1576
1834
9783
1606
2384
1648
2162
4477
1792
2389
1856
2451
2452
2581
1945
1699
2438
1964
2353
1605
2231
2647
1888
1639
1525
1405
1415
2689
2214
2093
1973
1719
1537
1745
2138
2527
1519
1523
2070
1950
2209
9417
11352
2395
1885
2148
1766
2156
1654
2486
14711
12963
2049
2063
1557
1569
1599
2118
2635
1684
1707
2220
2236
1725
1741
2256
1774
2602
1801
2320
1873
1413
2447
1957
1960
2032
1521
1532
2378
2263
1640
5314
7492
5319
1971
9523
1598
5313
5315
5316
5317
5318
5320
5321
6481
7770
7772
17021
2560
2062
2577
2068
2597
1601
2123
1629
2661
9848
9850
1675
1726
1733
2272
2290
2296
1789
1813
1814
2606
1819
2442
2386
2393
1886
2405
1904
1911
2435
2444
2632
1479
1497
1504
2532
2022
2252
1929
1424
9889
9130
1857
9872
9840
2681
7602
5047
2547
1926
2030
6751
4193
14442
14975
14977
14978
14979
4253
2222
8910
9353
8011
15189
15190
15191
15192
15193
15194
15195
15196
15197
15198
15199
15201
15202
15203
2954
12182
8628
5067
8655
10236
1432
1503
2433
2604
2191
1902
2596
2221
1838
1822
1992
1493
2528
2517
2281
11779
3087
5991
6894
12636
7679
2086
2383
1509
17756
8528
1816
7951
4880
3630
2756
1901
12910
2266
2417
10369
1498
2309
2187
1810
2215
2089
2058
1513
1782
6897
1526
2554
2555
2019
2686
1538
2682
1455
1909
2362
7809
2247
6641
2200
1481
1776
1805
1465
2561
16771
16775
2314
2512
2459
2467
2355
1972
1854
2112
2521
2668
17570
9925
2627
5520
10260
3490
11760
13637
8788
3306
16499
4603
2342
5175
5902
16773
2578
5931
1844
10805
1477
2638
5839
5841
5842
5840
2300
2870
11641
5500
1645
1543
1550
2065
7212
2121
2135
2666
1661
2182
1731
14534
2273
1771
1773
1893
2424
16774
16776
1961
2479
1483
2011
2041
1997
1882
2125
17836
9733
12285
3061
2431
1664
1596
1738
1670
1709
2359
8877
6739
9497
1500
1501
1502
1891
9926
1508
2394
1511
6013
1696
15356
2127
14269
14270
1791
16345
4668
16339
16340
16342
16343
16344
13935
7030
1683
13505
3562
3539
2287
2553
9312
9300
12366
6820
8236
11429
2166
2397
1548
1758
1969
1949
8920
7048
6350
8187
2244
8183
7248
2388
2047
11719
9832
2907
2315
3047
7072
1583
2385
5143
12833
5772
1591
1593
1594
6828
5956
2095
17688
7720
8663
8125
3940
2564
2192
2202
2354
1619
2276
1900
7516
1630
1631
1636
1633
2301
10722
2550
2106
2257
1889
10389
7963
17125
4551
14879
8707
14874
14876
14875
10527
14880
12193
14882
9125
14877
14878
14881
10755
13821
4088
2283
3299
2568
2476
5875
9951
12036
2690
17571
2480
9329
12948
2508
17071
5298
10133
11945
16487
6453
5383
5410
2892
7837
6794
6485
13483
6676
4118
3154
14939
17884
11435
1712
13686
14055
8432
12038
14601
17892
7953
14127
3364
8754
17885
17886
13118
17889
17890
16286
10174
17887
17888
17891
17893
17894
3578
6649
2675
6212
7008
1793
2071
2348
1841
1867
2387
1754
2161
1948
7271
2443
17822
18221
11724
11725
7074
8447
6232
8475
17588
4748
7899
16481
8294
4336
7428
11349
5024
6728
9839
3999
16159
13926
15415
4672
3327
2390
5846
1723
2349
17583
10463
17029
11462
8316
2688
1837
1737
2782
2656
1743
17776
5050
8197
4768
5087
6044
6075
6076
1761
1762
1784
11491
14895
14896
10468
12999
6712
16220
1843
3592
5388
12168
5835
5369
4222
9291
9295
17035
15512
15524
11956
2509
7947
15769
14885
2017
17913
12653
13362
12921
15476
9483
15475
2779
1795
6216
7109
1798
7301
3062
3451
4923
6787
2575
5685
7251
11487
15355
6400
6769
4766
5934
5810
2357
3647
5847
5481
5482
5483
5029
3004
2603
2255
8115
1908
2617
13824
17104
17106
17111
17115
2616
11591
9306
9052
8264
17813
11588
2665
16734
10820
6122
17783
10769
11554
7925
7924
2421
2038
6051
5871
8842
5779
7118
5728
12232
12233
6187
5486
12046
8598
6551
8597
7215
5703
12089
16706
16707
12102
14561
5476
3300
12901
12090
10861
2980
6876
8746
2898
8151
5999
15723
1880
4662
2491
9102
10137
9910
14272
14273
14194
3324
3607
5025
5027
11657
2514
2006
13288
2529
8359
2540
4761
4763
2658
9922
9392
1919
1922
5715
5716
2826
7736
3097
3229
8780
14962
9462
8057
15645
1942
10395
3204
4866
3755
3981
4027
2333
9866
2096
6197
4506
1967
2077
8732
6015
5933
7799
8767
6538
6985
16208
11878
2923
12012
9861
9862
4624
11050
11677
10471
14350
5241
7434
14000
8244
8245
12342
2114
6213
8273
14391
4184
8302
12401
10365
8323
10375
4235
6290
8365
8338
10482
8437
8438
2343
4394
8497
6509
4494
9765
8640
11004
14838
11010
10810
8765
12863
9311
11018
4678
4681
8778
11020
16318
8807
11026
14973
11032
11034
10352
10960
15634
8928
11005
11007
11008
11011
11014
11015
11016
11017
8662
11019
11021
11023
11024
11025
11027
11028
11029
11030
11031
11033
11035
11037
11038
11039
11057
11006
2880
2908
2913
9062
2920
14837
14981
11265
13318
7182
5153
15413
9224
9061
3174
3187
15480
7291
7319
9375
7356
3271
10446
15620
7430
7435
3345
3346
3374
7493
15719
13709
7583
11693
7606
13784
5601
7677
7678
9744
14903
4696
7704
11835
11531
9803
16316
13940
11003
8812
3758
11978
5921
14130
11230
8006
14164
3933
10081
3956
3962
12160
16293
16294
16295
16296
16297
16298
16299
16300
16301
16302
16303
16304
16305
16306
16307
16308
16309
16310
16311
16312
16313
16314
16315
14268
16317
16319
16320
16321
16322
16323
16324
16325
12239
14316
10238
10237
16414
10098
10162
17116
4274
2626
8739
10929
8505
2023
2024
2640
9899
4635
5901
5955
2036
17742
2039
6580
14802
2217
11219
3827
7716
2056
3584
7556
2565
2061
8080
5732
5705
5718
4190
2404
12369
9900
6803
2771
11513
11514
11516
11511
11512
11515
11517
10201
2079
17680
2230
2090
11364
2159
2108
2109
2670
2110
5854
2115
8178
16651
16652
17702
9591
4082
14819
5726
6601
11634
6799
2742
2607
7198
12919
14388
11399
11247
6097
13481
14911
14912
9447
9469
2165
6730
6733
13632
2174
2175
8503
6891
5540
7629
8031
17704
14009
7246
6255
6327
7819
12592
9457
4342
2212
13012
10880
4705
11164
5568
11788
14609
9401
6707
3192
5016
9784
12000
10087
3088
5918
15146
14741
8216
2791
2505
10886
5966
8280
2248
2249
17109
11328
9481
11664
11627
10984
8169
5643
16494
2268
13974
11830
15562
5244
15511
10964
8277
10459
9078
7541
6193
12216
7615
11630
11133
5957
13730
5405
7107
7127
6584
8148
6367
14326
6650
2307
9386
13452
7697
10780
2312
12641
11582
11805
2328
2331
2520
15248
15246
15247
7685
5151
13359
9792
10350
8830
9935
16671
16673
16674
16676
16677
16678
15665
5426
12600
13175
10116
3498
11754
3160
2345
2346
13812
2539
3372
5664
11825
11475
4475
4430
8051
5593
11947
15443
6996
15444
2371
13054
17670
6420
2391
2392
3424
5659
5662
17204
6385
4359
11094
11789
9924
7011
2522
13584
2455
5874
10264
5666
5926
15277
3385
3078
12219
4724
17113
3137
14919
14920
14921
14922
14925
14928
14930
14931
14932
14933
4197
14446
13426
10347
4234
11915
10099
10426
5578
8969
13096
13145
12647
8558
4467
7547
8616
8620
4546
11212
14924
5796
10742
8701
10750
17753
16502
6748
2494
2495
17643
11658
11756
5781
5818
5819
5820
11767
7512
5478
8648
2503
2506
2507
16141
8262
13857
14865
13084
15733
2518
2519
17713
8058
11072
11073
8578
2530
4896
2583
17568
4682
8029
3715
13596
14343
9663
6994
14344
8828
16212
8608
17802
2557
2558
16392
8408
17124
17118
10077
11766
17355
11765
2569
5843
17629
4877
9915
5888
5791
5792
5794
4410
8340
2594
2598
2599
5883
12853
4953
2612
2613
8507
8847
8215
9843
6415
15337
5131
5700
4449
4881
17703
10206
3102
5771
7604
8772
3298
4083
6242
9726
5989
12969
11812
6724
10127
7102
14255
7532
2663
16187
16188
5884
2676
2685
5015
7726
14440
7971
8579
4499
4691
2704
5589
5588
2709
4725
8976
15266
16902
2717
4081
13888
9139
4469
7684
8859
11444
11958
11960
11963
9407
11959
11961
11962
9318
15423
15236
3947
2729
15424
14030
15422
13355
14940
7220
11334
14945
14926
14927
14937
14943
14944
12897
14949
14950
14951
13943
8050
16511
9859
3226
3465
13764
3744
7868
14923
14952
17771
6932
13086
13089
3367
14667
13155
17823
12710
14948
9033
12960
10699
10190
4589
13992
14938
13241
5628
4846
8731
4628
17660
16260
13855
7285
14465
2924
11926
11477
16120
6929
10514
8988
7470
16256
16257
16258
16259
16261
16262
16264
12169
16266
16267
14855
15390
2757
2758
10047
17148
17147
2765
2766
2767
4167
4168
9970
2770
6593
17718
8238
2773
15238
17832
17807
11465
14387
9728
11822
9795
13668
5326
12502
12506
16254
11813
16248
13014
13583
14097
16167
3146
13124
6500
4967
13688
16250
16251
16252
16253
12158
13255
12279
2786
6226
17051
8110
8126
6987
16114
5278
8624
7874
8135
11286
4946
11553
7232
4175
10841
9705
17960
6689
11872
5242
10117
10154
16650
3430
9524
9690
8053
15384
8794
7193
6131
7235
10358
8152
8239
12517
9854
7361
8464
2822
2823
7612
2824
8650
4133
5545
16607
6713
13025
8715
2835
2836
6818
17650
7346
8631
16708
11470
10088
10257
9804
5243
9961
10194
10071
9092
9800
15340
7687
3074
6188
4445
4669
10200
3120
3779
10065
11079
4986
2858
2860
17786
3338
17746
16679
11602
6710
3034
7730
5766
11440
11596
8634
16521
5965
5265
5268
10013
5000
2882
2883
6205
12482
12287
7908
2900
6377
7148
2905
13783
7514
11449
7004
8261
4378
12716
2918
5453
5740
12147
7843
4932
17105
11761
2935
6294
2942
17831
4749
4824
2958
3263
6587
2967
16715
8922
10992
17663
5688
5691
5987
3567
17740
2981
4080
8193
8469
8470
8471
17095
16395
7844
4560
3007
6002
3013
10304
3018
3807
14280
3024
3026
4065
3029
5158
5245
10898
5525
11778
3233
8491
5906
8490
9928
17733
17640
8250
6196
16602
10953
3077
7623
13285
17734
7233
3089
3091
4435
3605
10963
11661
8352
10562
11662
11763
3219
3103
9472
14327
10526
3105
12679
3109
6023
10353
10052
3124
10807
5736
15498
6801
9454
12328
5387
16664
17898
17900
12758
6616
17899
7674
17895
17896
17897
17901
17902
3495
13659
3129
10928
6946
7845
3132
10156
3136
3138
3139
3141
3145
11715
3151
3157
8038
3159
3164
5895
16648
16649
17639
11615
9478
11614
11428
3172
5555
3176
3722
4963
7605
6951
3195
7989
7446
3200
7097
5114
7049
8017
8018
3220
5802
3228
3230
11604
6572
7054
6743
6426
3253
17641
3623
10209
3259
3265
3267
5867
9877
9931
8552
3276
17358
17036
3283
7262
3288
15523
3366
12348
3302
17743
8542
4099
3318
6831
7387
13871
6832
12882
6432
7133
3857
3333
17711
4019
3337
3339
11456
3347
3352
3353
17797
12453
16370
9288
8442
8318
3365
3368
6857
8223
11575
3377
11955
9950
10849
15724
8658
15462
13656
9371
6835
9395
14964
17101
3888
16216
4074
3708
7610
3415
14290
10565
6775
3428
3432
7671
3443
3446
6095
10809
3460
4651
17816
8717
11739
11786
11787
11731
12323
6796
3504
7444
10481
11071
5181
7059
11070
5569
3522
3523
3532
12267
3537
9644
7095
17060
17061
17062
17063
17064
17065
17066
17067
17069
17068
17070
8189
6501
8593
9041
5010
8595
3590
13892
5430
6181
3614
6714
3615
3620
3621
3629
7683
3634
12370
16742
14612
10945
10700
10152
3646
6098
7595
7594
7596
3657
17741
3658
11791
10539
13679
11548
11550
8004
6251
13098
5035
12085
8680
13885
16560
15283
15302
13578
9703
15307
17789
4135
9269
5699
5882
12842
17135
3696
4543
8425
16449
5252
14648
14649
17675
7861
17635
11781
10520
11758
11745
11603
6933
6934
3714
8789
7696
5676
4104
10328
8889
7780
8825
16527
5797
3750
5308
5309
13344
16616
8996
12511
16615
16617
13598
13111
8040
8510
10119
16618
4539
12874
11312
10186
11227
8868
9505
10735
11432
3723
8104
7548
17679
5571
5963
9539
8414
7804
4613
3749
6396
3754
16509
3796
3798
10469
6659
16269
9730
9737
9767
8755
6292
7325
9670
9695
9710
9724
8357
16544
4478
8474
7111
15503
15436
10717
5729
15467
3776
6387
16437
7000
7919
11804
8630
11344
11468
11467
8481
11471
11469
11481
11478
11095
4452
8553
6512
6513
12668
8439
10407
6039
17626
11771
4391
8070
8088
8068
8069
8039
8005
6105
13411
6258
10933
4971
6678
9836
17808
9837
10225
3808
6454
17146
11530
7423
8356
16118
7634
7576
16397
10297
4157
10105
5012
4148
17867
13038
14315
10122
17192
8484
6964
17128
7729
10271
12324
14399
17781
14608
14466
8513
14972
9057
7270
16436
6762
5859
7910
17699
13975
16255
15533
7357
14342
14354
10284
5192
14624
11895
12512
14635
14633
14634
14636
8525
10090
10606
10097
8231
9081
17792
7447
8881
16705
16549
5041
8083
4064
7894
13117
9640
4534
7670
10322
9995
10058
6699
9985
9403
6504
13622
8066
11546
11572
16442
8391
10367
17126
17094
15758
17611
4815
4308
7715
14859
3902
5423
17642
9991
8113
9990
17833
4528
14319
12449
12347
15131
11049
4408
3924
8162
3930
12054
9555
15404
12303
7765
10431
17590
12047
15134
12307
5028
5026
6559
3949
5941
8974
8547
6609
6378
17682
14901
6852
16443
17701
5327
7366
7375
8354
11975
12142
13194
9805
17809
17780
10473
8984
8149
10342
11392
17717
6536
8400
8139
12120
7699
8320
7219
7477
4782
14322
8927
16529
4924
12797
9143
4177
7966
13674
16692
13252
16691
6639
14655
6228
14858
8636
9339
9348
9357
4972
8933
9336
12666
12059
11040
10697
10719
12030
7473
6464
7425
17351
14728
8100
5104
4770
7540
7010
12865
14934
14935
14936
7405
8713
14915
14916
14059
12541
8981
14168
13199
14914
14913
12186
14917
12189
7590
16386
8530
15317
12228
4141
6072
14302
7500
12714
15085
17580
17581
5898
5455
4188
4189
4191
17612
8252
10986
4203
4387
9876
9292
12958
15139
15138
12804
4223
4228
11685
4231
4232
4236
4237
4240
4239
4241
4242
17668
9712
6259
10733
15279
4264
7857
4266
4275
7675
7484
16767
7311
6297
6816
12081
13621
17078
17079
17080
17081
17084
17085
17083
12173
5089
13306
7543
4291
6944
14296
14983
14984
7661
7993
5447
9727
9755
9735
9721
15426
4415
6245
6246
4608
12161
6494
4318
5336
4323
10603
4326
4332
13836
10278
8761
11323
12515
13897
16567
7522
7352
12887
8797
5220
8805
16571
16554
6274
16558
16541
9068
10896
16578
14999
16579
6301
16542
16543
16545
16546
16547
16550
16552
16555
16556
16557
16561
10418
16563
16565
16551
16569
12988
16573
16575
16576
16577
16580
16581
16582
16583
16585
16587
16588
16589
16590
7407
16568
16562
16559
12564
16156
8479
14177
14141
16564
16572
4429
13646
9054
15702
5178
6511
7144
12151
16566
10115
12437
15241
16584
4510
5541
7152
10151
16540
14772
15295
14785
8656
16586
16548
8161
12965
16553
8697
8700
4338
7332
14790
14644
9089
4363
4364
4365
4366
17709
13928
4375
4376
4377
4379
4381
6817
4397
4401
7128
4404
4650
6657
6569
16117
7499
8672
4974
10923
4552
12906
4621
10159
9911
4411
17156
6685
14760
6596
17804
9813
8227
10909
5271
7897
17533
17534
7243
4441
17712
9880
10251
6813
7055
6763
7673
17866
4836
7083
7337
6505
7191
16453
17632
13447
10706
6194
4483
8274
8246
7688
4490
7689
7690
17727
11460
17628
4508
4509
15743
15744
15745
15747
15750
15748
15753
15754
15755
15756
15752
15746
15757
15741
15749
15742
7608
15737
15442
15501
15736
15751
15738
15739
15740
17770
4818
12929
6988
11255
5836
4540
6190
5134
8769
10942
10943
10946
10947
10949
10950
10954
10951
10956
10498
10045
10955
9154
4554
14404
7350
4559
4562
4563
10541
11107
16654
14289
6957
6397
4582
4583
14827
6092
17107
17108
8127
7441
8864
11574
4989
17814
7259
7260
6461
7805
4622
4623
16417
4632
4633
6275
6276
6277
4859
10878
4644
9037
8532
11153
4657
4658
12462
11580
6336
9696
9817
12573
17845
15732
4671
7349
7877
4689
10838
4692
12264
12265
4697
4700
7491
15411
7147
16288
13945
8501
6695
14586
10164
5940
10208
9326
4738
16927
14657
7974
6412
6555
7036
6428
4805
4750
4751
4752
4757
16440
16441
4758
16231
4944
4945
7600
4775
5429
10219
4780
12657
4785
14886
9285
9297
14887
6998
6999
8182
9740
6807
7889
17798
16423
13450
4808
8324
6669
6670
5872
6656
6621
4827
4828
4830
4833
4834
4835
4841
6975
16910
4838
9981
4847
7272
9739
5806
9684
8451
8629
7457
8012
8893
10307
10308
5942
11510
4895
5767
4906
6183
4908
4909
7666
7226
4917
12394
12395
12396
12397
9614
14651
14652
14653
16768
7090
14389
17958
7832
9793
11637
4947
4949
4950
7214
4965
12762
6150
4970
16718
5562
8003
16709
6526
6283
7883
4998
6841
8653
10337
5017
5019
17589
15130
5021
7723
7315
5169
5034
6877
17835
7719
17662
10293
13328
7053
5072
5074
5075
17772
17758
10239
10240
7033
5611
7751
5116
17767
11827
10331
10332
10600
5146
10355
7810
13112
8389
5164
5165
9649
15405
15406
15407
5328
15409
15410
12957
11184
12428
7739
12781
9085
9815
17855
5219
5225
6085
15067
16369
10163
5382
5260
16125
11624
8267
11815
6450
8489
11796
10111
15698
12510
7648
16614
16655
8688
7557
6267
5343
5345
5346
5347
5339
5342
5329
5332
5333
5334
5338
5335
5341
5344
5340
10470
9893
7132
15218
11521
5914
5376
11279
5386
7886
13322
16447
16448
16450
16451
16452
11876
11402
14513
9396
8931
13542
9450
10006
12585
14140
12681
13201
16283
16284
6786
10980
5421
6288
5422
11556
15094
13163
11952
8599
14330
8171
8686
5443
5449
5635
5649
5745
10038
5896
5752
5463
12886
6180
6668
5680
5678
5924
5951
6054
6057
5574
12918
9055
5936
5492
16367
13862
5498
5501
5505
5504
14349
5640
5509
5602
5603
5513
5515
5524
5770
5981
17732
13617
5815
5559
5651
5805
5885
5563
5731
12737
11450
11208
11686
11688
8157
5605
10676
8411
5626
5631
5632
16497
5638
5645
5646
5976
10183
17959
5668
5984
5783
5677
8013
5695
5709
5710
10224
8584
10277
11718
8622
17827
8218
9131
5733
5735
5738
17697
11772
14254
14253
9870
5782
5780
5786
5788
11448
15233
17664
15016
9117
12384
12381
12382
5837
7019
5848
13758
10255
14987
14988
14990
14992
14993
14994
11446
15216
12399
5863
5865
13499
12970
14275
9996
7626
6672
6547
9405
8301
7761
5909
5910
5911
12971
5920
5922
6438
7213
7553
14581
11659
13171
11776
7486
14385
14383
8870
5995
8035
9319
9320
17163
12521
7627
7377
7376
7628
10538
11727
11728
11733
11222
6041
6790
15385
15386
11330
10005
10004
13685
14287
6773
14062
6081
6082
6083
6654
7125
6090
7793
7302
16492
14283
17683
8071
8072
6468
7169
17678
8901
6133
6132
14504
8075
6623
16192
6169
14506
7218
7136
6260
7480
6204
10017
7503
6189
8848
14730
6886
7940
7941
9845
6231
8180
6252
6266
6342
15303
10230
6282
17865
10936
7490
7489
17684
7630
6366
8256
6819
7518
6306
14830
6325
7807
6331
6334
6335
6458
17803
7834
16609
16610
17025
17026
8478
17910
6383
7445
8449
6577
7064
6394
6735
6413
6414
6416
6417
6418
7638
6423
6424
8793
7171
12459
6434
7504
10320
11445
8975
7278
6588
6447
6448
13838
6465
13921
6560
6989
6472
8177
6476
6477
6478
16681
9913
16682
13057
17810
16439
8033
8034
17532
6518
7977
17665
17796
16496
7878
7205
6532
8886
12096
6542
8364
11939
16219
7416
6566
6567
6570
7964
7965
9111
8062
8220
9359
11795
12205
17817
11196
6617
6962
7852
8065
6618
6619
7853
7854
6629
6631
14227
6638
7431
8122
6915
8260
8106
16326
6870
6701
8404
8440
8052
9982
9511
9868
15275
15350
6729
6738
17747
6797
8682
11824
9918
6768
7438
6771
6974
13480
6815
7999
7996
7320
7321
15354
17785
8158
7957
9760
9694
9713
12023
15320
15321
6845
15281
7485
6868
7211
6873
11769
11770
6913
13240
16218
6936
7112
7255
7200
14317
6954
15532
17706
7896
6969
15188
6993
10067
8710
7020
7348
16128
16779
10068
10249
14060
7762
7763
7051
7381
7450
7498
17152
17153
8853
7082
16639
16640
16641
16642
16643
16644
16645
16646
16647
16656
16658
16659
14868
11305
7091
16631
11098
16634
16657
16638
16632
16633
16635
16636
16637
12673
7113
9891
10561
15267
7614
7592
7123
16115
7139
7140
7149
7150
12334
7158
9858
7167
7582
9831
9834
14298
16592
9053
7187
7190
7189
14869
15366
7195
10540
7201
16926
15150
14622
7207
7216
8282
17357
7228
7244
7252
8143
9972
17676
13119
7991
8596
10300
7305
10677
7340
7341
16186
7353
17623
17624
7373
17761
7391
7395
12868
13239
15332
15333
11259
8141
7410
7411
9912
8184
8185
8186
7433
9774
17666
17645
8097
8096
9463
10393
16365
17768
7539
11937
7554
12936
7569
17574
17576
12841
10795
13151
17573
12523
17575
12275
17577
7571
7898
7598
7599
17724
7609
7616
17729
12583
7658
7659
7663
7667
7668
17801
8413
11578
17748
7725
16381
11534
17627
7771
17754
12693
10217
10216
7841
7842
7846
7847
7848
7860
7862
16539
7884
15446
9468
7893
7929
7930
7937
7938
11389
9384
16947
17698
7976
7980
7981
16279
16280
11161
16282
16281
11048
16823
16211
17917
16769
17778
17779
8022
14199
16666
16667
8020
8024
8041
8044
12493
16462
8911
8054
8055
8074
15127
8929
8775
9916
12051
12050
8146
12052
10385
8165
9268
15520
15521
13671
16700
10753
10754
10756
10752
8719
8297
8646
8673
10737
10739
10740
10741
10743
10744
10745
10746
10747
10748
10749
8207
8208
10532
9613
16389
8228
9766
8242
8272
8295
8325
8339
8341
14364
14365
8344
8345
11552
8346
8361
16327
16593
8379
14295
14647
10784
13050
14961
12705
11794
8444
10325
9821
15509
13305
11912
15416
17736
14352
17582
8512
12226
16486
11047
8575
17649
17122
16901
8659
8675
8703
11785
8961
8744
8760
17039
8820
13348
9984
8849
8865
15215
15213
15214
8947
10359
8954
9003
9005
9006
10315
9021
17793
9065
10095
9137
15479
10711
15126
17201
17840
17841
17842
17843
17844
9299
9305
9309
9310
12119
15121
15205
15204
9397
9907
15438
15439
15441
11105
9410
9415
13317
9459
15231
12073
9543
9660
9757
10451
14580
11598
11750
11740
11742
11743
11747
11748
11751
11752
11753
11755
11757
9764
9768
9669
9685
9719
12838
12331
12615
13936
17722
9906
9908
9909
9897
9930
9864
9929
9932
9936
9927
16694
10865
10102
15771
14281
9914
17651
9934
11673
10372
9939
9942
9960
12360
17138
10032
10134
10124
10135
10136
10141
10139
10140
10144
15401
12738
14588
13691
15767
10002
10198
10113
12117
10039
10042
17669
13467
15399
10181
10093
10492
13224
12664
12444
12109
16292
10128
10779
11541
17738
11285
10171
10177
14292
11589
11593
10242
17815
10262
12418
10268
10269
10274
10281
10302
11692
10449
11599
10545
14348
13722
10537
10575
12494
10768
10785
15129
10794
12542
13207
14455
17648
11736
11060
15000
17100
11363
11532
17799
17788
15357
12365
11524
11525
13077
17749
11544
17037
15348
15271
15273
13104
15272
13929
11579
11605
11608
13311
12677
13062
14345
15491
15493
12292
11783
15494
12100
15495
14683
14832
12414
11953
11773
17787
12327
11942
11943
12028
12069
16693
12229
17681
12332
12371
12372
15605
13997
13200
14358
12786
12894
17190
17604
13028
13677
13072
17847
17185
17846
13092
15477
13107
13110
13170
13172
13181
13191
17603
13437
13532
17784
13551
13580
13624
13670
14908
15696
14047
14083
14125
14184
14286
14285
14288
14297
14469
17774
14550
14573
14674
14670
14671
14672
14673
14678
17759
17657
16717
15699
15700
16123
16121
17647
16375
16377
16368
16371
16372
16373
16374
16376
16378
16341
16347
16350
16351
16352
16384
16385
16399
16400
17739
17805
17114
17812
17563
17605
17620
17721
17656
17821
17700
17730
17731
17782
17800
17819
17820
17983
17984
8674
3063
11124
1288
1169
1171
1173
1304
1175
1176
1177
1180
1311
1312
1313
1314
1187
1188
1196
2738
1204
1205
1217
1221
1297
1226
1229
1230
1231
1237
1315
1316
1248
1256
1260
1264
1268
1277
1278
11971
7014
15235
17824
15313
11135
11150
11289
11163
8879
9141
11242
11128
11129
12375
11171
11121
11268
6263
6520
16528
3759
16762
5359
11954
4789
9001
10842
14521
8819
10062
13676
7456
8995
4358
14618
14619
12522
3512
10465
13805
3054
12029
7202
8740
4604
6161
7784
15481
3214
9796
10438
3260
10457
16608
7866
10508
3315
11045
6440
5437
3210
13035
14666
2902
3417
14181
14395
4996
12687
7574
8689
2995
12764
3043
10736
13299
13139
11320
3166
8852
13261
8839
3394
9022
11186
10022
3659
8861
14108
8718
3813
8943
10513
11840
11077
8792
12211
2937
13435
5056
11308
11209
16207
5130
3844
4284
15122
15124
6165
7323
7437
15123
8023
4465
2934
4544
2976
10324
15258
11149
12608
14740
11486
3694
11284
11358
4960
16522
10983
13010
10317
14119
3218
3053
2972
9009
11064
9056
17825
2971
3529
10178
13650
9016
14492
9067
8253
10391
4097
14562
10478
10507
12582
12697
12720
8649
10734
8691
8704
8748
17024
12027
13208
13209
3010
3056
3182
3232
3238
3241
3317
11908
13590
3351
3439
3482
13790
3589
3656
7821
13250
3734
11990
15061
1193
11155
14106
6888
11385
16698
16393
14816
10401
13570
12236
10710
3552
13811
9785
1178
1179
1182
1183
1185
1186
1194
1195
1197
1198
1199
12540
1172
3553
1170
1200
1201
1202
1203
1206
1207
1209
1210
1211
1213
1214
1215
1216
1218
1219
1220
1223
1224
1225
1227
1228
4417
11112
11207
11103
11273
3117
10823
6345
17202
17837
7388
7134
11126
10168
16612
10765
2831
11137
12557
12406
15497
13961
10893
3240
11453
12190
9430
9948
13775
8973
8641
3900
8986
10114
15230
12524
8092
8351
12108
10708
12281
14873
11362
14872
6026
11145
6863
8638
8657
11101
1349
11099
11102
15268
15269
11228
2956
9049
11272
10247
12405
14646
4529
8782
13001
15082
3203
9025
11174
13280
13349
14527
13649
17826
13298
3698
14641
8587
11175
14660
12320
14393
14394
14396
14397
15725
10167
10488
14591
8465
10170
8681
10760
14870
10901
15001
10351
11046
13106
15217
13216
15323
15324
15325
11280
15473
15474
13538
11535
8753
15726
15322
3505
11797
9782
13902
9810
11873
12055
12056
12260
12947
10172
10176
10179
10180
10182
10184
10187
10188
12240
12255
6112
8172
8107
6938
16670
8128
9446
9445
8678
3017
3395
3917
3935
3948
3950
3920
8014
6499
14411
12387
14011
6406
16713
16716
8045
14215
13925
17145
11249
11109
10885
8535
9777
8844
9428
8957
11195
15299
8802
8930
11090
11141
11147
11096
6363
11115
11122
17143
11216
11165
11250
11277
10792
10800
3126
10813
10814
16535
16536
8876
3284
11518
11229
9536
3404
8537
10079
11104
3649
11214
12787
11140
10773
10821
3330
8972
9000
9012
11317
14640
11612
2997
12284
17828
17829
10286
10884
17616
8915
3741
3326
10887
11065
16290
2996
10899
5420
12114
14675
14677
14679
14680
14681
14676
15021
14473
9419
9420
16591
9422
15585
11492
16334
8698
7703
6329
17055
17052
17053
17054
3387
16484
5057
11585
14777
11260
11820
8934
14020
8423
3968
8690
10223
12204
13332
8743
11383
8810
13476
13603
17346
13296
12795
8890
6135
4882
7209
6589
6522
8714
10701
9423
9421
9424
4305
13094
7467
15297
4061
12779
6805
9486
12832
13345
9809
11350
11379
10871
11407
11424
11427
15612
15618
10029
16175
15681
12632
16270
16271
16272
16273
16274
16275
16276
16277
12272
12273
12274
14590
3595
16701
8427
4176
4186
7829
14958
3350
14971
3206
11116
10340
11193
13128
16963
4753
17197
17200
15349
15759
9564
9574
9576
9492
15128
4314
4317
4319
9594
1262
9606
9493
9494
9495
9496
9498
9499
9500
9501
9502
9503
9504
9506
9507
9508
9509
9510
9512
9513
9514
9515
9516
9517
9518
9519
9520
9521
9525
9526
9527
9528
9529
9530
9531
9532
9533
9535
9537
9538
9540
9541
9542
9545
9546
9547
9549
9550
9551
9552
9553
9556
9557
9558
9559
9560
9561
9562
9563
9565
9566
9567
9568
9569
9570
9571
9572
9575
9578
9579
9580
9581
9582
9583
9584
9585
9586
9587
9588
9589
9590
9592
9593
9534
9595
9596
9597
9598
9599
9600
9601
9602
9603
9604
9605
9607
9608
9610
9611
9612
9615
9616
9617
9618
9619
9620
9621
9622
9623
9624
9626
9627
9628
9629
9630
9631
9633
9634
9636
9637
9544
15760
9632
9522
9635
15695
11237
9554
11802
4625
9656
13593
10091
11181
11081
11239
11118
9027
10203
7300
15502
13265
10721
16124
7943
7417
7071
9118
9119
9120
9124
9127
9128
9122
9121
9123
7466
10728
10729
10730
10727
13858
8311
3427
3459
7039
1300
10218
15358
3243
16460
14237
15546
6460
16459
16456
16457
16458
16461
6862
8533
6749
13167
16391
16379
8457
4481
16195
4864
11168
11113
11182
9458
8945
7738
5277
14909
14910
11142
11162
11291
15431
10910
3348
7905
7906
7892
16432
3019
2808
7782
17028
2968
14239
11083
5222
15507
15508
10692
15469
10428
10429
8010
1189
1232
1233
1234
1235
1236
1238
1239
1240
1241
1243
1244
1246
1247
1250
1251
1252
1253
1254
1258
1261
1263
1265
1266
1267
1269
1271
1272
1273
1274
1275
1276
1279
1281
1282
1283
1285
1286
1287
1289
1290
1291
1292
1293
1294
1295
1296
1298
1299
1301
1302
1303
1306
1307
1308
1309
10121
2775
8858
7093
3850
4395
9031
9032
3911
4453
16398
16495
10982
6374
8836
14854
7781
6248
16697
8515
4454
8664
8840
12064
8317
9002
15292
9321
9324
9325
10467
4052
4053
9416
16731
16732
9018
12854
16490
9433
9807
7775
12197
14271
16390
3591
8747
8529
14734
12238
9097
14735
12234
12235
17609
3409
3565
13595
14251
11236
10678
12489
8724
8883
8679
9646
11074
6851
3725
3726
16903
8756
8766
16990
10339
13343
15049
17167
17168
17170
17173
17174
17178
17183
17186
10049
13217
8702
10987
16402
11331
11146
17195
11319
11172
11288
8669
15157
14410
15158
15156
11406
15178
13487
15180
6901
13080
15165
15164
1323
15154
15155
15159
15162
15163
12093
1342
15166
15169
15170
15171
12597
15173
15174
15175
15176
15177
15183
12624
15160
14682
15161
15167
15168
15172
15153
15179
14668
15181
15182
15184
12776
15185
10326
7785
7509
9650
8736
8764
8898
9099
13438
14361
11979
13275
8589
3852
16215
16214
16213
13415
9639
11154
7060
3332
11055
16217
3423
14857
13594
16699
6502
10759
7745
11139
11111
11100
17881
3745
16760
11159
13093
14867
7454
5395
17584
8918
11416
7528
3601
11114
11455
3767
3769
3770
3771
3774
3775
3777
3778
3780
3781
3782
3783
3784
3785
3786
3787
3788
7223
4221
3608
11821
15483
15484
11084
11234
16493
17352
11123
9945
17409
17410
17411
17412
17413
17408
17415
17416
17417
17418
17419
17423
17424
17426
17427
17428
17429
17430
17431
17432
17433
17434
17435
17436
17437
17438
17439
17440
17441
17442
17443
17444
17407
17446
17447
17448
17449
17414
17451
17452
17453
17454
17455
17456
17457
17458
17460
17461
17462
17463
4664
17465
17466
17467
17468
17469
17470
17472
17473
17474
17475
17476
17477
17479
17480
17481
17482
11339
17485
17486
17487
17488
17489
17490
17421
17493
17494
17496
17491
17499
15452
17501
17502
17503
17504
17505
17507
17508
17509
17510
17511
11368
17513
17514
17425
17518
17519
17520
17521
17522
17523
17524
17525
17526
17495
17528
17529
17530
17258
7856
17527
17498
17464
17359
4321
17445
17483
17450
17500
15151
17459
16223
17255
17384
17471
16328
16789
16798
17478
17394
17395
17506
17484
17360
17361
17362
17363
17364
17365
17366
17367
17368
17369
17370
17371
17372
17373
17374
17375
17376
17378
17379
17380
17381
17383
17385
17386
17387
17388
17389
17390
17391
17392
17393
17397
17398
17399
17400
17401
17402
17403
17404
17405
17492
16530
14898
9250
11151
6784
11087
14007
15478
17121
7015
14794
10715
15187
3001
11327
11089
10808
14174
16421
15735
14274
11911
9645
13919
15499
12977
9455
14248
10675
17422
17420
14606
8480
17396
14907
17497
17516
17517
17512
17515
17377
17382
17406
12721
17569
5008
5009
15298
15052
10366
14501
15051
15053
10512
8473
10778
15007
15008
15022
15028
15029
15033
15034
15046
15048
15050
10957
15054
15055
8916
11345
9331
13850
3245
13512
13788
11857
11965
12009
12930
12077
12078
10055
14188
12162
12165
12208
12325
15290
17129
15264
3144
11138
5228
8545
5231
14733
16783
10273
12353
12354
14438
15075
10394
15073
8540
15024
15031
15032
15062
15063
15065
15066
15068
15070
15071
15074
2933
11276
3086
11930
13984
11941
10037
15064
12163
14241
15069
14318
15293
10243
12368
4243
8350
13075
10568
13357
3665
12007
6224
13159
3191
12450
10702
11540
12063
17213
17215
17216
12611
17212
13456
2921
17214
10016
3508
13251
13016
15527
14729
11183
11125
11267
12344
14401
15042
14509
15077
12565
11313
12650
12685
14751
15084
15092
12735
15087
15091
12946
15027
15025
8887
14110
8894
15076
15078
15080
15081
15083
8941
15086
15088
15089
15090
10396
15038
17602
10790
12878
3587
13915
13891
7885
14088
14860
13327
16401
10265
16816
16799
16818
16819
15454
16794
13896
16822
16824
15456
16826
12909
8814
16832
16833
11405
16834
17874
11044
8009
11082
14650
16804
16825
16808
16788
15765
16782
16787
16790
16791
16792
16793
16795
16796
16797
16800
16801
16807
14542
16810
16811
16812
16813
16814
16815
16817
16820
16821
5046
16827
16828
16829
16830
16831
16802
17875
16803
16805
16806
16809
3691
8964
11238
11257
13863
11355
3237
12492
16285
2845
7297
10408
9330
3255
15570
10720
9467
12373
8304
8477
3426
13547
3638
11401
17177
11419
17187
12339
15005
11110
6984
887
10083
7949
10085
8609
8610
9142
2099
11093
7358
10920
3264
3371
8043
8564
9136
10299
17205
17206
9940
4192
15035
15036
15037
15039
15040
15041
9941
8952
13604
3496
11302
16532
16533
15056
15057
15060
8645
8785
15006
15059
3308
13605
3448
3633
11841
3717
11194
8456
11205
11235
8556
11178
10571
11088
11244
11127
16361
15351
9066
8705
11297
4042
16605
10313
14449
10357
16606
10024
10034
8520
16225
15496
3098
10231
10232
10824
11375
3262
11075
7274
7471
14038
7460
4727
6622
15490
7787
7706
8134
4206
7420
8551
10272
8829
11117
7308
10521
8811
6506
11119
4244
13312
15020
15023
12321
15030
8799
15009
10460
14572
15010
12876
11398
15013
12422
8571
15018
12356
8908
10685
10998
12962
8726
10789
8749
10828
10829
13601
8841
15004
15019
12417
10802
2947
15003
13302
3075
13346
11981
12821
13874
9411
13066
9487
3359
12166
3383
12660
8806
13683
3472
3474
3569
11807
15026
13909
3735
14604
12070
12113
11240
12338
14213
12187
14113
15011
15012
15014
15015
14323
15240
12483
14429
16727
13417
10869
12996
10415
12661
13005
13527
9476
13070
13640
16720
16721
16722
16723
16724
16725
16726
16728
16729
16730
11158
15773
14366
3309
9952
3329
1184
1190
1191
1192
11360
1324
1318
1319
1320
1321
1322
2739
1326
1327
1328
1329
1330
1331
1333
1334
1335
1336
1337
1338
1339
1340
1344
1345
1346
1347
1348
1352
1353
1354
1355
1341
1343
10310
1350
3407
11160
11177
1358
1359
1360
1361
1362
1363
1365
1366
1367
1364
16433
8660
14276
4572
13655
14204
3747
15569
14578
13618
14732
9475
11192
16517
12015
13071
15662
17218
17219
17220
17222
17223
17224
17225
17226
17227
17228
13692
12171
17221
17229
8081
17162
11576
15560
15210
11185
13609
9077
13702
3273
8150
15100
15101
15103
15104
15105
15306
7464
7461
7465
3457
11058
11059
11061
11062
10726
15239
10434
16595
16596
7955
11231
2979
3194
11369
11215
8665
3251
10433
3340
9412
6662
6664
6665
6663
11108
11091
11221
11204
10364
10363
17882
10506
11179
12792
7515
9473
8461
9474
11307
9641
7108
9439
9438
10990
8909
11361
8757
4086
3429
14614
14615
14616
12519
10530
14617
12115
6604
14613
11143
15343
10354
3666
10270
14247
13792
14246
13904
11304
16332
15346
10718
6931
16740
16735
16736
16737
16738
16739
16741
16743
16744
16745
16746
16747
16748
16749
16750
16751
16752
16753
16754
16755
16756
16757
16758
6119
3399
3403
8711
8728
4474
11439
9973
9974
14658
10266
10267
8527
12606
11152
14982
8576
8300
11206
12843
11408
8518
8936
16538
11536
16597
16604
3342
3040
8833
5262
8373
7062
2201
2453
2734
2940
2944
2964
3005
3112
3242
3247
3285
3316
3349
3408
3420
3435
3436
3444
3475
3477
3501
3502
3506
3560
3582
3663
3668
4072
4073
4090
4113
4181
4183
4340
4392
4439
4578
4679
4740
4943
4955
5082
6155
6201
6240
6322
6328
6337
6380
6595
6602
6648
6709
6774
6804
6942
7007
7041
7121
7138
7225
7267
7281
7286
7330
7418
7478
7479
7533
7618
7728
7750
7836
7858
7872
7912
7975
7985
7987
8015
8279
8369
8370
8371
8418
8463
8541
8555
8577
8582
8614
8617
8633
8694
8695
8699
8751
8768
8786
8800
8803
8813
8822
8845
8855
8871
8882
8885
8897
8900
8902
8912
8914
8921
8926
8932
8939
8942
8965
8977
8978
8991
8994
9011
9013
9026
9045
9046
9050
9064
9070
9071
9075
9210
9387
9390
9429
9435
9441
9442
9448
9466
9470
9666
9806
9933
9983
10011
10036
10100
10107
10131
10199
10205
10250
10258
10343
10344
10346
10349
10361
10370
10376
10378
10379
10380
10381
10382
10387
10388
10397
10399
10404
10406
10411
10412
10413
10417
10424
10427
10450
10452
10461
10464
10476
10479
10480
10483
10484
10489
10493
10494
10495
10503
10509
10510
10511
10516
10517
10518
10522
10523
10524
10528
10535
10542
10552
10553
10554
10555
10556
10559
10560
10564
10569
10570
10599
10601
10680
10681
10682
10686
10689
10696
10705
10709
10713
10731
10732
10758
10771
10772
10776
10782
10786
10791
10799
10801
10822
10826
10827
10830
10843
10844
10855
10856
10857
10859
10860
10862
10866
10867
10873
10875
10882
10892
10894
10895
10900
10902
10903
10904
10906
10916
10919
10922
10924
10958
10999
11053
11080
11092
11157
11169
11176
11189
11199
11218
11232
11233
11241
11263
11271
11287
11294
11300
11309
11311
11318
11325
11332
11336
11338
11341
11342
11343
11346
11365
11374
11376
11380
11386
11387
11388
11396
11397
11411
11414
11417
11418
11422
11423
11426
11452
11454
11464
11489
11519
11520
11522
11592
11594
11597
11600
11601
11606
11607
11610
11611
11806
11808
11817
11818
11819
11826
11831
11832
11833
11837
11838
11839
11843
11844
11846
11847
11848
11849
11850
11851
11852
11853
11854
11855
11856
11858
11859
11860
11861
11862
11863
11864
11865
11866
11867
11868
11869
11871
11874
11875
11877
11879
11880
11881
11882
11884
11885
11886
11887
11888
11889
11890
11891
11892
11893
11894
11896
11897
11898
11899
11900
11901
11902
11903
11904
11905
11906
11909
11914
11916
11917
11918
11919
11920
11921
11922
11923
11924
11925
11927
11928
11929
11931
11932
11938
11946
11948
11949
11950
11951
11972
11974
11976
11977
11980
11982
11983
11986
11987
11988
11989
11999
12004
12016
12017
12018
12019
12022
12026
12032
12033
12035
12037
12058
12060
12061
12062
12065
12066
12068
12071
12074
12075
12076
12079
12080
12082
12083
12084
12086
12087
12088
12091
12092
12094
12098
12099
12101
12104
12106
12110
12111
12112
12116
12118
12122
12123
12124
12127
12128
12129
12130
12132
12133
12134
12136
12137
12138
12139
12140
12141
12144
12145
12148
12149
12150
12152
12153
12155
12156
12157
12159
12164
12170
12172
12174
12176
12177
12178
12179
12180
12181
12183
12185
12188
12191
12192
12194
12195
12196
12200
12202
12203
12206
12210
12212
12214
12217
12218
12220
12222
12223
12224
12227
12242
12243
12244
12257
12258
12276
12278
12282
12283
12286
12291
12294
12295
12300
12313
12314
12333
12335
12336
12340
12343
12345
12349
12350
12351
12352
12355
12357
12359
12363
12400
12404
12407
12408
12409
12410
12412
12413
12415
12416
12419
12420
12423
12424
12426
12427
12429
12431
12432
12434
12435
12436
12438
12439
12440
12443
12445
12446
12447
12448
12452
12455
12456
12457
12460
12461
12463
12464
12465
12466
12467
12468
12471
12472
12474
12476
12477
12478
12479
12480
12481
12484
12485
12486
12487
12488
12490
12491
12496
12497
12500
12503
12504
12507
12509
12513
12516
12518
12520
12525
12526
12527
12529
12530
12531
12534
12535
12536
12538
12539
12543
12544
12546
12547
12548
12550
12551
12552
12554
12556
12558
12559
12560
12562
12568
12569
12571
12572
12574
12575
12576
12578
12579
12580
12581
12584
12586
12588
12589
12590
12591
12594
12595
12596
12598
12601
12602
12603
12604
12605
12607
12609
12610
12612
12613
12617
12618
12619
12620
12621
12622
12623
12625
12626
12627
12629
12630
12631
12635
12637
12638
12640
12642
12643
12646
12648
12649
12651
12652
12655
12658
12659
12663
12667
12669
12670
12671
12674
12675
12676
12678
12682
12683
12686
12688
12689
12690
12692
12694
12695
12698
12700
12701
12703
12704
12706
12707
12708
12711
12712
12713
12715
12717
12719
12722
12724
12726
12727
12730
12732
12734
12736
12739
12740
12741
12742
12744
12747
12748
12749
12750
12751
12752
12754
12755
12756
12760
12761
12763
12766
12768
12771
12772
12773
12774
12777
12778
12780
12782
12785
12790
12791
12794
12796
12798
12799
12800
12801
12802
12803
12805
12807
12809
12810
12811
12812
12815
12816
12818
12819
12823
12825
12827
12828
12830
12831
12834
12837
12839
12840
12844
12845
12846
12847
12849
12851
12852
12856
12857
12858
12859
12861
12862
12864
12870
12871
12872
12875
12877
12879
12883
12884
12885
12888
12889
12890
12891
12892
12893
12895
12896
12898
12899
12900
12902
12903
12904
12905
12908
12911
12912
12913
12916
12920
12923
12924
12925
12926
12927
12928
12931
12933
12934
12935
12937
12938
12939
12941
12942
12943
12944
12945
12949
12951
12953
12954
12956
12959
12967
12972
12974
12976
12978
12979
12982
12983
12984
12985
12986
12987
12989
12990
12991
12992
12993
12994
12995
12997
12998
13003
13006
13007
13008
13009
13018
13020
13022
13023
13024
13026
13027
13029
13030
13031
13032
13033
13034
13036
13041
13042
13043
13044
13045
13046
13047
13048
13049
13051
13052
13053
13056
13058
13059
13060
13063
13064
13065
13067
13068
13073
13074
13076
13078
13079
13083
13088
13090
13091
13095
13097
13099
13100
13101
13102
13103
13105
13108
13109
13115
13120
13121
13123
13125
13126
13127
13129
13130
13131
13133
13134
13135
13138
13140
13141
13142
13143
13146
13148
13149
13150
13152
13154
13158
13160
13161
13162
13164
13165
13166
13169
13173
13174
13176
13177
13178
13180
13182
13184
13185
13186
13187
13188
13189
13190
13192
13196
13197
13203
13205
13206
13210
13211
13213
13214
13215
13219
13221
13222
13225
13227
13229
13230
13231
13235
13236
13237
13238
13242
13245
13246
13247
13248
13249
13253
13254
13256
13259
13260
13262
13263
13264
13268
13269
13270
13272
13274
13276
13277
13278
13279
13281
13282
13283
13286
13287
13289
13290
13291
13294
13297
13300
13301
13303
13304
13307
13308
13309
13310
13313
13314
13315
13316
13319
13320
13321
13325
13326
13329
13330
13331
13335
13336
13337
13338
13340
13342
13347
13350
13351
13353
13354
13356
13358
13361
13363
13364
13365
13366
13368
13369
13370
13371
13372
13373
13374
13378
13380
13381
13382
13385
13386
13389
13390
13393
13394
13395
13396
13397
13398
13399
13400
13401
13402
13403
13404
13405
13406
13407
13409
13410
13413
13414
13416
13420
13421
13422
13423
13424
13425
13427
13428
13429
13432
13433
13436
13440
13441
13442
13443
13445
13446
13448
13449
13451
13453
13454
13455
13457
13458
13459
13460
13461
13462
13463
13464
13465
13468
13469
13470
13471
13472
13473
13474
13475
13477
13478
13479
13482
13484
13485
13486
13488
13489
13490
13491
13493
13494
13495
13496
13497
13498
13501
13502
13503
13504
13506
13507
13508
13509
13510
13513
13514
13516
13517
13519
13520
13522
13523
13524
13526
13528
13529
13530
13531
13533
13534
13536
13537
13541
13543
13544
13545
13546
13548
13549
13550
13552
13553
13554
13555
13556
13557
13560
13561
13563
13564
13565
13566
13567
13568
13569
13571
13572
13573
13574
13576
13579
13581
13585
13586
13587
13589
13591
13592
13597
13599
13600
13602
13606
13607
13608
13610
13611
13612
13613
13614
13615
13616
13619
13620
13623
13625
13627
13628
13629
13630
13631
13633
13634
13635
13636
13639
13641
13642
13643
13644
13645
13647
13651
13652
13654
13657
13658
13660
13661
13662
13665
13666
13667
13669
13673
13675
13678
13680
13681
13682
13684
13689
13690
13693
13694
13695
13697
13698
13699
13700
13701
13703
13704
13705
13706
13707
13708
13710
13711
13712
13714
13715
13717
13718
13719
13720
13721
13723
13724
13725
13726
13727
13728
13729
13731
13733
13734
13736
13737
13738
13739
13740
13741
13742
13743
13744
13746
13747
13748
13749
13750
13751
13752
13753
13754
13755
13756
13757
13759
13760
13761
13762
13763
13765
13766
13767
13768
13770
13771
13772
13773
13774
13776
13777
13778
13779
13782
13785
13787
13789
13793
13795
13796
13798
13799
13800
13801
13802
13803
13804
13807
13808
13809
13810
13814
13815
13816
13817
13818
13819
13820
13822
13825
13826
13827
13828
13829
13830
13831
13832
13834
13835
13837
13839
13840
13841
13842
13843
13844
13845
13846
13847
13851
13852
13853
13854
13856
13859
13860
13864
13865
13866
13867
13868
13869
13870
13872
13873
13875
13876
13877
13878
13879
13880
13882
13883
13884
13886
13887
13889
13890
13893
13894
13895
13898
13899
13900
13901
13903
13905
13907
13908
13910
13911
13912
13914
13916
13917
13918
13922
13923
13927
13930
13931
13932
13933
13934
13937
13938
13939
13941
13942
13944
13946
13947
13948
13949
13950
13952
13953
13954
13955
13957
13959
13960
13962
13963
13965
13966
13967
13968
13969
13970
13971
13972
13973
13976
13977
13978
13979
13980
13981
13982
13983
13986
13987
13988
13989
13990
13991
13993
13994
13995
13996
13998
13999
14001
14002
14003
14004
14005
14006
14008
14010
14012
14013
14014
14015
14016
14017
14018
14019
14021
14022
14023
14024
14025
14026
14027
14028
14029
14031
14033
14034
14035
14036
14037
14039
14040
14041
14042
14043
14044
14045
14046
14048
14049
14050
14051
14052
14053
14054
14056
14058
14061
14063
14064
14065
14066
14067
14068
14070
14071
14072
14074
14075
14076
14077
14078
14079
14081
14082
14084
14085
14087
14089
14090
14092
14096
14098
14099
14100
14101
14102
14103
14104
14105
14107
14109
14111
14112
14115
14116
14117
14118
14120
14121
14122
14123
14124
14126
14128
14129
14131
14132
14133
14134
14135
14136
14137
14139
14142
14143
14144
14145
14146
14147
14148
14149
14152
14153
14155
14156
14157
14158
14162
14163
14165
14166
14167
14169
14171
14172
14173
14175
14176
14178
14179
14182
14183
14185
14186
14189
14190
14191
14192
14193
14196
14197
14198
14202
14203
14205
14206
14207
14208
14209
14210
14211
14212
14214
14216
14217
14218
14219
14220
14221
14222
14224
14225
14226
14228
14229
14230
14231
14232
14233
14235
14236
14242
14257
14267
14277
14303
14307
14310
14312
14313
14329
14357
14430
14436
14439
14441
14451
14467
14472
14496
14503
14508
14517
14518
14529
14547
14551
14558
14592
14595
14605
14629
14630
14637
14754
14780
14817
14833
14853
14888
14967
14997
15114
15208
15209
15219
15309
15318
15339
15427
15445
15466
15515
15522
15525
15526
15528
15529
15530
15531
15534
15535
15536
15537
15540
15541
15542
15543
15544
15545
15547
15549
15550
15551
15552
15553
15554
15555
15556
15557
15558
15559
15561
15563
15564
15565
15566
15567
15568
15571
15572
15573
15574
15575
15576
15578
15579
15580
15581
15582
15583
15584
15586
15587
15588
15589
15590
15591
15592
15593
15594
15595
15596
15597
15598
15599
15600
15601
15602
15603
15604
15606
15607
15608
15610
15611
15613
15614
15615
15616
15617
15619
15621
15623
15624
15625
15627
15628
15629
15632
15633
15635
15636
15637
15638
15639
15640
15641
15642
15643
15644
15646
15647
15648
15649
15650
15651
15653
15654
15656
15657
15658
15659
15660
15661
15663
15664
15666
15667
15668
15669
15670
15671
15672
15673
15674
15675
15677
15678
15679
15680
15682
15683
15684
15685
15686
15687
15688
15689
15690
15691
15692
15693
15694
15705
16126
16137
16142
16145
16153
16158
16194
16479
16520
16534
16601
16665
16836
16837
16838
16839
16840
16841
16842
16843
16844
16845
16846
16847
16848
16849
16850
16851
16852
16853
16854
16855
16856
16857
16858
16859
16860
16861
16862
16863
16864
16865
16866
16867
16868
16869
16870
16871
16872
16873
16874
16875
16876
16877
16878
16879
16880
16881
16882
16883
16884
16885
16886
16887
16888
16889
16890
16891
16892
16893
16895
16896
16897
16898
16899
16900
16905
16906
16907
16908
16909
16911
16912
16913
16914
16915
16916
16917
16918
16919
16920
16921
16922
16924
16925
16928
16929
16930
16931
16932
16933
16934
16935
16936
16937
16938
16939
16940
16941
16943
16944
16945
16946
16948
16949
16950
16951
16952
16953
16954
16955
16956
16957
16958
16959
16960
16961
16962
16964
16965
16966
16967
16968
16969
16970
16971
16972
16973
16974
16975
16976
16977
16978
16979
16980
16981
16982
16983
16984
16985
16986
16987
16988
16989
16991
16992
16993
16994
16995
16996
16997
16998
16999
17000
17001
17002
17003
17004
17005
17006
17007
17008
17009
17010
17011
17012
17013
17014
17015
17016
17017
17018
17019
17020
17127
17613
17834
17839
17906
17907
6552
8905
14603
6636
11202
11992
14742
9140
8938
11097
14986
17531
16537
14965
9943
9452
14545
14643
17541
10864
16157
17543
11130
17557
17562
15448
17535
17536
17537
17538
17539
17540
17542
17544
17545
17546
17548
17549
17550
17551
17552
17553
17554
17555
17556
17558
17559
17560
17561
17564
17565
17566
17567
17547
11148
4208
11828
11306
11413
11370
14661
8891
8935
17980
17981
17978
17979
17982
16781
11314
15482
15119
3724
15278
14845
10283
15418
15419
15420
15421
11483
11266
11256
11410
11293
16759
11261
10285
17883
17585
6346
3530
11351
15417
7879
8759
14543
7087
11366
8248
11295
3566
17182
8580
8581
17838
10392
10421
10422
10423
7803
16268
2760
15766
6111
14353
14332
8233
14884
17196
16482
14610
10704
11340
14305
12207
2813
7067
5247
5246
8948
11299
10316
10318
14847
14848
14856
17347
14300
14301
9091
6554
10063
2857
2859
4900
2863
2867
10803
17160
17161
17159
9076
11198
10604
5213
3593
3671
17952
17953
17956
17955
17954
17957
17353
14468
14621
3358
17056
3059
10094
15312
14836
3713
10246
17354
15461
9048
16144
16363
16364
3619
3507
3627
3534
7307
17119
8179
17120
11324
3269
3270
10215
4312
4313
4316
4320
4322
4327
4328
4329
4331
4333
4335
4337
4339
4341
4343
4344
4345
4346
8906
8693
14656
11282
3464
3375
17050
17049
6758
3728
3118
8762
14607
10430
8249
11166
11371
8498
11298
4966
3202
5431
3585
17619
11085
6531
15471
14454
17137
7040
14311
15488
8443
7922
5045
10082
14844
4958
11220
11303
17158
17157
12385
12386
16205
16287
11269
11225
15430
4174
11348
11254
11810
14956
4911
17905
4386
6210
16703
6079
17617
17618
10319
14840
14356
6907
10166
6466
11281
7558
3846
17326
17243
17329
14902
17333
17248
17334
17306
17289
17252
17340
17342
17308
17261
17295
17282
17297
17290
17239
17240
17241
17242
17244
17245
17246
17247
17250
17251
16228
17253
17254
17256
17257
17259
17260
17262
17263
17264
17265
17266
17267
17268
17269
17270
17271
17272
17273
17274
17275
17276
17277
17278
17279
17280
17281
17283
17284
17285
17287
17288
17291
17292
17293
17294
17296
17298
17299
17300
17302
17303
17304
17305
17307
17249
17309
17310
17311
17312
17313
8090
17315
17316
17318
17319
17320
17321
17322
17323
17324
17325
17327
17328
17330
17331
17332
17301
17335
17336
17337
17338
17339
17341
17343
17344
17345
17314
17317
17286
8089
5274
5276
10448
17591
11170
11106
12377
17164
17166
12379
17188
17175
17172
17181
17176
17189
10608
5377
16501
16503
16505
16506
16508
16510
16512
16513
16516
16523
16524
16525
16526
14625
16515
16518
14821
16500
16504
16507
16514
15468
11443
4742
16278
8962
8963
4414
11136
14955
9389
14390
17348
11400
7392
7164
7436
10881
14970
11274
17876
17877
12312
8919
16172
11441
11442
7945
4286
10398
10402
10414
10420
10410
10403
10409
11275
15251
11190
4956
17949
17950
17194
8611
4068
4094
14238
15457
15451
15453
15455
10851
9024
4185
11283
11270
9479
9480
17211
17209
6553
7119
7120
15120
11180
4616
14783
17872
17871
12261
12262
12263
4309
15710
15715
15718
10725
15708
15712
17600
17594
17595
17599
17601
17592
17596
17597
17598
15720
15703
15704
15706
15709
15711
15713
15714
15716
15717
15721
15722
17593
14897
14899
9653
15291
7586
10458
15261
4427
16221
11390
17151
15276
14826
4942
17136
16464
16226
17027
7145
15316
17207
17208
14960
4675
15270
6842
11395
14245
12266
14240
14244
14243
12268
12269
4694
4695
4698
4699
4707
14487
16763
4741
10845
10846
16491
16488
17237
17238
16489
4762
6484
4765
15288
6463
10330
6443
8808
7764
9986
4856
7487
7488
4916
4926
4927
17144
16396
5042
5043
10212
5062
5068
12367
5133
5135
10714
15044
15043
15045
15107
15110
15112
15106
15108
15109
15111
15115
17045
11246
17350
9414
17349
10053
10863
10868
10872
10691
6603
17880
16786
11437
16362
10056
10059
14359
14966
9059
17236
7005
8362
15095
15097
15099
15098
14291
17850
9010
16710
8623
11404
17030
12315
12296
11586
12322
8560
8730
16338
12297
10026
16335
16336
7967
16337
12277
12280
14834
14835
8763
8950
16463
16465
16466
14419
16468
16469
16470
16472
16474
16475
16476
16477
16478
16480
15465
8155
16467
10783
15314
6977
9072
14864
6139
14665
6178
17203
16835
6264
6302
6906
7759
6338
10314
15464
16444
16445
6442
8063
6451
6637
6493
6849
17572
7737
17032
11384
8259
10891
6740
6741
6742
11581
11583
6800
6798
15329
15330
15331
16222
12376
6871
16422
8235
6941
17217
8536
7042
17210
16780
7101
9791
7143
10831
10837
11409
12362
14427
14463
14476
14507
14576
14600
14400
14402
14403
14405
14406
14408
14412
14413
14414
14415
14416
14417
14418
14420
14421
14422
14423
14424
14425
14431
14434
14435
14437
14443
14444
14445
14453
14456
14457
14458
14459
14460
14461
14462
14464
14470
14471
14474
14475
14477
14479
14481
14482
14483
14484
14485
14486
14488
14489
14491
14494
14495
14497
14499
14500
14502
14505
14512
14514
14515
14516
14519
14520
14522
14523
14524
14525
14526
14528
14531
14532
14535
14536
14537
14538
14541
14544
14548
14549
14553
14554
14555
14556
14557
14560
14565
14566
14567
14568
14569
14570
14571
14574
14577
14579
14582
14583
14585
14587
14589
14593
14594
14596
14597
14599
14602
14426
10835
7625
8862
8937
17879
17878
10466
11347
15775
15777
15778
15779
15776
15780
15774
10157
10298
10698
10679
10683
10684
10688
10693
10695
10694
8460
7535
7536
7546
7559
11251
7619
7620
7621
7721
11538
16382
8308
17150
8441
11321
11076
8195
15341
17130
17131
17132
17134
17133
16191
12403
8046
8114
11197
8176
16224
10762
11367
15152
14736
14968
16227
17231
17230
17232
17233
9799
15460
10360
11326
16383
8538
17184
8997
8884
16719
8735
8944
17578
15002
8892
16498
16210
16196
16197
16711
11211
8949
16206
15242
16761
11278
17048
10259
9110
9112
17102
11490
9394
15429
15432
15435
16454
15433
15434
15274
17022
16785
16784
17851
17940
17942
17943
17947
17921
17929
17930
17932
15514
15516
15518
15519
17936
17922
17923
17925
17926
17927
17928
17931
17933
17934
17935
17937
17938
17939
17941
17944
17945
17946
17948
17924
16166
14849
16765
10018
17171
17180
17963
17965
17966
17967
17970
17973
17971
17962
17964
17969
17972
17968
17974
16139
16766
16764
10253
10254
11252
17169
17179
16733
10455
10456
11357
11210
10766
10798
10804
10770
17031
11086
11188
11290
11191
11245
11226
11310
11200
11258
11243
11167
11373
11264
11377
11391
11457
17951
11533
16598
16603
16600
16599
17915
17199
17198
17139
14306
14309
14308
17849
17848
16438
17904
17607
17608
17606
14850
14851
14969
16229
16230
14998
15414
15285
15286
15289
15287
16434
16435
15345
15701
17140
17165
17234
17235
14360
5409
5411
5412
5413
5414
5415
5417
5418
5419
5416
8583
10436
14623
8326
8603
16201
15731
8600
8602
8605
7575
4902
14763
8310
8607
14759
14758
8625
14814
14793
14808
14809
14811
14812
14815
14776
17098
10191
9977
2777
15730
14769
14768
14770
14773
14774
14778
14779
14781
14775
14782
9109
17087
9113
14807
9398
17088
17057
17090
17091
17089
10213
14700
10064
14719
14720
14721
14722
14723
14724
14725
14726
8618
14684
14685
14686
14687
14688
14689
14690
14691
14692
14693
14694
14695
14696
14697
14698
14699
14701
14702
14703
14704
14705
14706
14707
14708
14709
14710
14712
14713
14714
14715
14716
14717
14718
17023
9208
15237
9654
9655
8298
10112
14803
10848
10287
10288
10289
10290
10291
10292
10043
9489
9490
10118
8613
8615
9393
14822
14823
14824
14825
10241
11067
11069
17038
14325
16418
9036
6702
6375
6489
15294
15308
14953
7578
7707
14662
9104
14871
9035
16611
14737
10309
15311
10716
10234
10229
17920
7656
7657
7714
7288
7242
6174
6175
17916
7624
7835
8007
8008
14891
16179
17961
16165
16135
16150
16170
16147
16164
16134
16148
16129
16130
16176
12388
16138
15768
16171
16178
16152
16184
16168
16163
17975
17976
16143
16133
16151
16181
16146
16169
5325
16183
16154
16189
16127
16160
18003
18021
18033
18010
17985
17987
17992
17995
18052
17997
18011
18012
18013
18015
17986
17988
17989
17993
17994
17996
17998
17999
18000
18001
18002
18004
18005
18006
18007
18008
18009
18014
18016
18017
18018
18019
18020
18022
18023
18026
18028
18030
18031
18032
18034
18037
18040
18041
18042
18043
18025
18045
18046
18047
18048
18049
18050
18051
18053
18054
18055
18027
18060
18061
18062
18063
18064
18065
18067
18029
18070
18071
18072
18074
18075
18077
18079
18082
18083
18084
18085
18086
18087
18089
18093
18094
18096
18097
18098
18100
18101
18102
18103
18035
18105
18106
18107
18109
18036
18111
18112
18113
18114
18115
18117
18119
18121
18038
18127
18039
18129
18130
18132
18133
18134
18135
18137
18139
18140
18144
18145
18147
18150
18151
18152
18153
18154
18155
18044
18159
18161
18162
18164
18165
18166
18167
18168
18169
18170
18171
18173
18175
18176
18177
18180
18181
18182
18183
18185
18188
18189
18192
18195
18196
18197
18198
18069
18200
18201
18202
18203
18204
18205
18207
18210
18211
18212
18214
18215
18217
18218
18056
18057
18058
18059
18066
18068
18076
18080
18081
18088
18090
18092
18095
18099
18108
18110
18116
18120
18122
18123
18124
18125
18126
18078
18131
18136
18138
18142
18143
18146
18148
18149
18073
18156
18158
18160
18174
18178
18179
18186
18187
18191
18091
18193
18194
18199
18206
18208
18213
18219
18104
18118
18128
18141
18157
18163
18184
18190
18172
18209
17990
18216
18220
14746
14757
14798
16161
17991
16140
18024
7920
6457
16155
17586
17587
7549
7550
16149
16177
8059
8060
8061
14320
14321
16185
14363
16182
16190
16174
16173
7098
3873
3802
14761
14755
14756
14752
14743
14744
14745
14747
14748
14766
14767
14764
14765
7077
14799
14805
14806
8087
14789
14791
14792
14787
14786
14788
14796
14797
14801
14800
17041
6117
8585
14818
9997
14335
14336
9160
9144
9145
9146
9147
9148
9149
9150
9151
9152
9157
9158
9159
9161
9162
9164
9165
9166
9167
9168
9169
9170
9171
9172
9173
9174
9175
9176
9177
9178
9179
9180
9181
9182
9184
9185
9186
9187
9188
9189
9190
14333
14334
10010
9155
10012
9215
9217
9218
9219
9220
9221
9216
9223
9225
9226
9227
9228
9229
9231
9232
9233
9234
9235
9236
9237
9238
9239
9240
9241
9242
9243
9244
9245
9246
9248
14341
9222
8590
14338
14339
9247
9153
9156
16198
16199
16200
8601
14337
9230
14340
8591
9191
9192
9193
9194
9195
9196
9197
9198
9199
9200
9201
9202
9203
9204
9205
9206
9207
9209
9211
9212
9213
9214
8592
14628
14632
17042
17043
17044
