########## k_7_lmd_2_length_1696
3344
10439
5156
223
701
5560
434
4154
954
3706
3967
600
3944
7199
389
3009
215
478
3549
3828
3969
9938
862
4549
3977
94
4925
4933
3835
3584
3799
2029
3753
1573
10129
564
5182
6032
1161
818
888
737
694
329
4991
3866
523
183
5400
431
477
3031
408
3125
3761
5510
3416
7952
1759
8987
990
2725
568
6523
1995
4409
794
4005
6042
4037
2956
5210
5404
2793
1844
4115
710
1486
584
4034
562
1610
4006
3020
1477
3826
1368
4400
8995
4155
97
120
4347
3002
6911
10020
933
317
4132
4813
359
5297
655
6027
680
782
2536
921
4020
9808
1075
326
5992
4848
1520
5813
8269
2910
1009
5136
98
7746
1677
770
6100
4016
1875
6134
3731
5978
6533
2498
624
791
3378
6009
7354
2869
6022
653
1698
6
6235
2571
2797
4092
1473
4170
137
5368
9812
176
7237
940
3825
763
1088
3857
3060
3178
2198
5938
3811
3751
3468
2254
4706
487
4160
6371
4721
2728
179
3762
528
1770
1832
3
2930
180
7370
4075
8667
3588
4373
8445
959
3143
3008
9
2361
6427
563
3639
138
3182
908
4048
3397
276
2890
9846
1480
5083
3704
445
2484
3859
3972
5814
10497
1559
10477
3184
2851
4108
191
2283
501
1980
845
11459
6192
10078
444
610
489
3710
4029
498
29
852
4043
2679
628
1041
458
2730
2886
3088
3818
3697
399
2163
1682
3643
1680
2879
429
1681
3458
4047
9283
10062
4116
819
1024
391
8405
702
3829
3970
2087
1561
2152
3099
645
3683
515
195
5718
392
3106
10907
12499
109
4734
208
1115
118
675
432
814
200
4057
1390
10508
5097
4688
10432
809
8968
3384
6687
8305
2855
9090
4079
4216
5237
4136
3360
2755
3612
531
3519
3855
3412
2885
128
1073
769
3932
3261
6452
4306
3066
5299
647
1829
648
407
2226
7442
4028
3528
482
876
2404
7641
6598
4076
2731
1453
840
3867
8731
412
671
4150
2908
3121
12910
82
681
5943
7456
3874
1457
545
4165
4980
3476
351
406
187
8467
170
2657
777
3199
2909
22
2817
3760
3080
7279
5290
3130
3827
1786
3603
3640
36
13377
1760
5234
3208
238
2116
7458
4051
1109
282
1767
3301
8417
8342
3085
3211
3154
1779
886
2066
309
130
242
4455
3877
220
3681
4862
7192
4143
4148
5121
6544
868
7463
2641
574
1145
5223
969
2562
7273
3689
1068
617
682
1823
4521
4172
559
667
3081
8390
549
5757
211
3631
665
4122
546
8433
41
42
3364
2776
7493
214
5827
12498
679
2805
390
4855
1074
3752
413
337
4783
2437
575
3015
8993
547
2246
5172
5091
4718
2839
172
3278
5239
6153
3514
237
244
6352
654
2953
3235
1038
10362
257
1054
415
8452
2913
5789
4787
3875
2902
3793
1755
307
807
9464
3986
3478
6765
5558
1536
2781
8375
4720
5769
3809
3702
127
490
5864
3110
1064
23
3057
2248
8353
4054
30
2853
4137
3274
86
5306
3868
2624
4418
10021
3336
756
5128
1835
10501
5361
9661
293
573
3524
7203
970
689
4426
3577
828
2295
3806
1627
5949
101
3971
7
3985
5349
5702
3816
2698
951
291
772
758
5908
1787
10440
8030
388
7089
1168
7572
4007
5373
5103
54
10502
3824
6062
3803
78
3804
2814
428
2059
1044
5077
771
5654
1943
934
4370
673
3820
3362
7271
2832
77
2783
287
4246
6576
2615
364
3011
264
5302
286
2653
5138
1736
810
755
1612
766
55
4145
7078
299
4407
3913
5932
1708
4461
5170
5366
126
1542
452
7372
2060
11563
8349
608
591
8367
10126
4649
850
7936
4357
134
14820
2299
5823
5205
3434
2938
7508
695
146
4354
4013
5303
6620
6014
2756
4014
4420
6390
182
8488
3797
9962
8996
704
4670
4687
218
4247
4438
87
1871
3772
6012
2157
48
4981
780
947
7899
601
245
3854
437
2763
3445
124
375
5206
8526
11317
5211
5853
4144
2994
3993
1965
1375
2146
1978
1979
116
4869
4610
522
629
6582
8642
269
2862
305
1808
147
1016
5069
4015
4125
2042
6061
5137
74
1953
398
2057
2074
2075
201
4609
8374
3460
2084
1996
2091
6575
6364
870
103
3570
2931
7956
216
4050
3699
10734
9993
749
6199
2132
2877
4127
3541
3869
2154
4248
4055
2164
2176
5094
2189
6626
4367
9100
3999
790
231
824
3543
2878
1586
1042
4011
2671
163
314
3064
3837
3123
5253
792
3860
2018
4432
2906
1659
2854
4059
491
1048
3679
2804
9945
1325
3695
811
4653
4809
249
3984
3492
10498
7934
3393
1981
1000
119
2216
6138
1049
3800
2950
1117
2050
2002
4817
2724
2897
7806
2840
1803
2234
5533
1851
2235
500
3515
4070
3833
2240
3311
3610
803
6822
2271
4571
2614
721
3893
3733
258
8534
4595
93
1535
3914
2427
1917
148
8
3645
1408
2178
911
4564
3899
192
5255
2904
3987
4017
4462
5683
7798
3882
512
3227
731
4526
1087
4645
65
240
8487
3906
7749
35
79
2871
3257
6211
5768
2197
5355
8355
4294
606
2706
3484
10125
2545
17
1817
3343
4541
2662
7797
394
89
2821
355
430
3700
6747
10500
7526
957
3354
2543
1141
901
3709
365
1693
6395
4978
973
3104
3862
9008
5374
7900
878
4254
1541
422
8708
10384
3736
732
567
890
45
5750
750
1031
592
8712
4639
2952
1356
1398
3470
4603
10529
3872
3858
892
5305
362
3903
4018
4823
3711
5879
3701
806
10546
47
904
767
3201
3832
4513
253
672
3244
2269
674
10070
1082
463
57
4120
4929
3216
3220
2492
6497
3758
6829
897
1011
560
259
2735
720
550
205
3991
3391
6066
1999
5548
6172
1487
1874
1772
1407
4151
3870
1788
2974
1722
6198
1938
2645
1796
4868
1985
3730
9642
4941
7365
1458
3093
3044
843
3926
2768
5084
851
1976
4934
987
9865
6341
2966
448
2884
3499
8420
7855
2374
1806
8671
272
705
2401
4275
3927
228
2403
880
225
8562
7542
739
4601
10519
4060
308
2754
6628
993
3162
7016
2064
3817
6048
3898
6241
960
5365
1418
3592
3821
298
1443
6902
3168
6349
289
4889
252
751
241
718
3037
5673
1
3884
449
2330
4928
2416
9277
618
9273
297
1427
6837
3955
488
4256
3823
5086
2426
112
6446
1783
348
761
5230
0
2819
3630
1389
4152
6635
6068
1836
4205
4744
2336
2920
902
1522
278
2305
2436
2139
8124
56
6084
3750
6834
4931
1672
288
8823
1056
6392
6736
12769
3819
3997
5828
266
2446
642
3792
207
3756
59
4277
2457
594
91
393
61
2911
12866
7928
3173
1086
2875
356
3390
747
519
3896
64
3836
6271
2468
982
3398
11056
931
1556
206
4067
5284
603
3396
3571
219
3288
2275
1977
70
1089
453
8424
5579
3561
2660
3462
696
470
9082
14669
1890
6910
3557
2347
58
8199
1881
7179
511
961
4804
4638
636
3757
63
10019
4138
8956
6389
3863
3992
7679
2774
1650
4982
2535
4402
891
4854
4492
2811
4413
376
2544
8502
303
4448
13204
3222
6516
383
3677
8196
3047
384
2876
871
5096
3684
475
3693
588
311
10761
1936
4587
2852
746
3035
2960
222
5263
5240
10764
925
3864
1847
598
8517
5435
3703
5294
859
1695
2490
6692
4527
5023
4777
2264
3714
8830
71
67
3871
3805
2975
5572
561
6537
3716
5900
748
872
7457
3520
3551
227
893
149
2865
108
2592
4853
6278
4788
5493
9289
2586
570
5095
5993
4665
9691
9377
2714
281
471
3842
5191
3050
3039
2601
613
8343
1618
3812
4044
3433
7162
486
8647
5581
866
2357
1431
4199
4109
1903
405
8684
585
261
643
5607
39
2945
7151
292
60
7094
1862
3442
4071
2868
139
2762
456
4849
3071
4673
72
2610
1388
3314
1895
4468
4482
3134
107
8091
3414
4038
2899
2736
7783
786
8958
6308
3574
863
8257
3840
8084
6462
3834
765
340
2833
8394
8428
2184
3678
461
379
3402
62
254
196
153
7045
5598
6203
5159
1475
248
3740
10108
171
123
3878
164
3839
2639
8412
3794
2741
2769
3680
743
4677
10499
3890
8164
425
7724
1673
4107
1404
189
6445
3629
4987
204
7088
3895
4802
5743
3489
1435
4661
6496
5013
2576
2723
6483
10505
3634
3690
462
1387
1081
414
4647
4480
699
2337
10048
194
3335
300
730
4983
5777
801
3810
2693
4517
2718
230
8980
2316
3068
6065
3959
6313
4936
2699
2705
5456
510
1494
4159
8167
599
3847
3573
26
6972
83
1445
3670
2846
1912
1043
752
2977
460
4003
1671
832
641
4123
688
3076
3876
1752
88
2887
9404
1004
3626
1529
7347
3831
2733
8568
8835
9963
2874
1921
294
3646
507
10322
2400
962
2749
2759
4561
8047
4421
353
439
1531
4954
110
7401
111
8574
3323
2849
2778
2999
443
2280
5611
7172
6291
6152
8992
5764
16
605
143
3542
3096
4023
1800
1046
5279
6586
2983
131
634
2696
708
1724
4857
2792
6746
1643
578
10991
1417
1421
526
8632
3181
9406
10077
1134
4806
6051
3405
4121
3236
2807
5289
4845
684
896
1688
8565
4276
9367
184
2889
3293
8499
637
3980
90
2088
435
10130
156
9648
844
3079
158
3934
9333
3979
243
582
3889
260
1512
6992
5491
7951
325
3575
3286
3157
3763
2834
2838
799
1955
7118
7339
2916
4348
4646
3087
1370
2806
8468
3892
2722
3617
99
3113
212
2408
381
4140
357
926
1037
4693
115
3688
3801
918
4178
277
4303
4261
283
6121
202
616
5201
986
4443
976
9678
4511
1866
2850
2986
6838
1570
4851
1703
762
6715
2409
800
2941
8923
922
956
343
3922
7800
733
2872
3707
2873
4045
7058
5856
898
1807
3161
5353
831
10189
1563
3385
3021
1951
3322
14355
1144
5196
3963
7722
722
764
4760
255
