########## k_2_lmd_2_length_6682
7044
350
4214
11958
159
161
11960
12690
162
11963
10771
1091
10250
9362
11959
11961
1526
7603
5396
11962
1595
1018
2844
6209
767
9672
3022
2810
8446
13637
164
4048
3028
3306
13355
9825
12411
4861
397
7944
1524
11334
9657
6590
5557
7284
9955
1013
12801
267
1155
5093
11641
14
8870
8050
4380
7326
17163
829
5393
10538
7043
5500
6667
8565
9841
6404
9731
4930
7817
7816
855
6574
13685
6773
3641
9033
10699
4589
2122
8979
3272
2479
13241
2358
2186
9129
6468
4425
7823
6141
6106
1423
5032
2125
9378
4565
11477
5083
12793
5474
3576
7218
173
6822
7130
12990
5606
4279
6183
4280
5620
8661
6456
8877
1017
6739
11474
7828
1502
5654
7830
2861
8266
8395
13045
13046
13047
3044
1511
6013
9988
9852
5665
4493
9970
6593
8455
17977
13101
13102
4788
4647
9968
17625
11465
10844
3291
6449
804
768
7406
442
6003
13158
13161
6594
8793
4584
11485
1546
7290
6202
13189
2487
4877
8843
5273
75
6473
5717
1541
3392
13235
5681
4160
9826
13505
4716
6226
7681
6052
3539
6987
5278
5954
12126
8886
10850
11553
9300
5518
9044
12252
853
10841
2743
9058
6820
9298
2166
12205
9073
2740
9690
6720
6234
15
5186
890
9369
1632
638
8187
198
1149
5773
9854
1060
10566
8464
11793
8650
3742
1004
640
5545
4063
2047
11719
8682
5959
6024
8715
8424
8631
13407
5291
5893
1583
11470
5687
7231
8212
10883
6967
10257
5143
3123
7833
9961
10194
527
10485
11940
9800
2846
13588
7687
3942
4669
1859
1594
15532
3303
1927
11594
7748
3036
3940
10549
10185
2130
10249
4384
4371
11208
8634
4372
2367
13528
10347
10013
232
935
185
5000
5857
6229
12287
7960
7908
498
2900
7414
7204
7091
7968
15652
3102
974
8648
7017
8073
7984
977
2254
8116
7148
1622
4579
13607
7567
1863
13783
10722
8124
2140
7004
13629
3048
575
14957
10373
10160
2257
7333
4977
537
9834
13654
1666
3998
7963
11002
4551
6294
12599
12290
15326
3263
7537
2798
1869
6385
423
16715
12001
4503
1048
209
1072
6408
5701
1050
5894
4645
2932
8818
606
1849
3299
2568
937
8027
2476
1392
2596
892
5907
13323
3937
3938
9951
6833
7691
5935
2372
8562
9797
6612
8254
7391
6930
17571
6690
8563
8924
13796
7432
3024
8226
12199
5158
2660
2659
6368
1896
4419
19
1650
5890
5245
1090
7156
7324
8459
13842
4890
570
712
13846
4968
9296
1118
5059
5525
11643
7568
4
3064
9315
2796
2716
3042
14442
2050
5937
9333
9334
5838
1451
9678
1916
5979
16602
2399
7412
6158
5237
5298
13969
10915
5947
4736
8489
3605
11780
9343
13990
6722
6746
854
11661
9874
8352
5822
2475
2801
3219
11578
1895
5061
11619
10526
879
6485
5990
5652
4118
7351
3908
4006
9967
3842
4747
4769
7921
4301
6268
8772
9351
14055
4660
6222
6298
14154
21
9454
859
247
12038
10197
9355
10411
9358
10046
1031
10153
12254
5971
1093
9461
7824
2284
2033
8209
6284
5974
8754
12684
14135
14187
13659
5286
1123
5392
263
5498
4502
5021
8821
6324
1096
1097
11836
3578
6027
1057
6031
9367
7521
5107
532
6033
6649
6951
885
6037
5874
6042
2675
6053
9303
11604
6572
8434
6058
7079
2929
4467
1099
8733
1245
3095
9702
5208
8344
1678
10974
5861
6405
9408
1894
7769
3487
3488
4547
991
5037
1103
7074
6684
9437
945
6795
9802
5115
15114
882
7713
7176
8485
1111
4748
14839
8366
4066
2450
1439
8399
284
6147
9278
8817
9314
11984
8426
1883
14347
4619
4569
4336
6728
6362
5982
10849
285
9485
309
608
7655
6691
8658
711
6048
4672
4213
1305
1124
1589
1848
1602
6265
1003
4999
3830
290
12119
4352
4609
6185
654
4074
3708
11451
11396
4548
811
14639
2366
1737
3421
3987
1975
9722
3469
11658
7994
3443
9429
13258
6095
1572
13558
296
6755
2440
3363
4524
3651
16137
10895
5087
11472
6044
1547
1425
6230
5214
3224
8832
1434
6227
5787
303
5034
5267
4659
2009
1426
1429
8523
8573
8522
3454
9719
1647
9284
5292
6846
2126
5567
1438
8692
10210
3171
10962
4251
14900
5690
10952
2466
6884
5624
1461
2241
6050
5835
7269
5369
553
14450
4222
1105
3667
6814
3970
1469
6680
4844
6752
9291
6129
1487
1499
8262
5430
12806
9692
12152
323
966
2218
7683
4385
12370
4218
15327
6270
10700
7310
5355
4828
8377
10171
6295
1539
6802
1940
9745
11421
6065
9751
330
1084
12256
6236
3692
331
4771
6309
907
4606
1561
5808
3062
666
677
4278
11568
12072
8001
7876
714
7811
5693
754
6289
5066
341
4310
4663
16560
342
10794
3685
9372
5810
8196
419
8032
11532
2984
1720
12867
1870
11066
3939
2600
7792
6351
683
9938
12288
6608
154
4933
10368
8115
4677
6607
12337
3456
2010
589
10520
11758
4961
808
11603
5510
10009
1566
4598
15305
7696
5997
3907
5850
352
916
8049
5157
11426
9789
9382
6525
5109
6388
4704
11591
10704
5961
6399
5534
6821
6369
9979
404
4799
6441
10803
3101
4918
9306
2473
4539
1146
8795
1820
2274
366
11680
6959
9959
16144
11983
3507
4590
4732
8375
1635
4334
1154
1852
920
9539
5871
12950
318
8777
12232
15116
6514
9281
6583
6524
385
8755
11414
8925
9846
10263
9695
4701
1164
12089
6694
16544
6724
9741
6920
3177
851
3418
1603
7652
7731
8572
15503
9374
9875
6491
11223
8784
4566
3946
10472
1903
80
5445
5441
10132
4033
7294
3281
10877
1690
4848
425
3289
3189
10509
4519
6585
4129
936
5566
4297
4826
3322
671
873
4451
6439
7086
4034
7513
572
5282
11590
876
460
1491
6308
8077
3249
8163
4220
14989
1718
10214
4843
10226
6854
7752
9779
2134
7617
8086
2980
12980
4687
5999
1797
11063
4756
6
5270
1780
5444
1695
7669
593
9102
963
1073
4597
4703
5464
5424
2131
4271
7686
5494
3759
436
10386
4993
5832
760
1968
4270
372
759
10062
1071
13676
9994
8995
5149
28
6437
4652
6225
4436
4957
10137
9910
6161
1040
14272
4620
6521
10438
1854
6688
9270
6159
7419
14273
10508
8863
531
740
4832
2145
7931
14194
8913
5437
6523
4124
10558
2902
30
3324
7712
6046
1830
9664
446
447
8654
5154
7240
4525
4649
9771
3628
7911
3607
626
5027
3466
1373
7089
457
1208
4541
7746
3659
1840
12383
10033
4106
9851
5058
8725
8815
2611
8718
11633
11682
7257
2655
1484
4816
7634
1159
3547
15211
13061
4763
1255
1616
4880
7676
11134
9781
14991
1685
113
9775
616
1656
2169
8142
3419
2704
2976
11335
12608
642
11358
2425
1822
14959
1858
10580
15223
16473
9056
1871
5692
10120
1944
7875
4772
9057
10391
4097
1965
10507
1982
1990
1993
1994
10195
2004
14947
2046
2746
8649
2082
10734
2084
10279
2097
2098
8704
8748
2100
12027
13208
13209
6762
3056
3182
6093
8780
3241
3317
11908
11494
3153
3351
3439
6928
3482
3656
7821
2946
3449
644
8267
14161
5887
7593
6761
6683
3156
7404
492
13570
12236
10710
3552
1410
5192
4626
14531
3860
3331
298
6824
2228
3517
9835
2232
7331
2784
7299
500
6945
6568
10504
9353
7197
10442
577
502
5436
1488
4831
8237
4937
9866
339
6997
6492
1657
1033
3117
7398
9349
7534
7526
5583
4219
3944
2332
3952
8770
3994
9316
3441
9322
6918
8415
514
6866
2285
11577
7027
1604
1614
9969
2286
2831
4457
11809
6021
1506
6534
8079
2293
2302
6646
12190
2308
6279
6900
5144
10114
9287
1769
5592
7012
2325
5577
5977
12524
3325
6186
7084
3500
4283
7607
10550
533
10976
6089
2078
16549
538
5610
8507
773
678
7222
3533
7766
4098
7256
2364
2595
6606
7914
13017
7979
7932
7933
2511
6108
990
2962
2956
18
1002
10247
12405
12317
860
13823
2375
4128
20
4529
8782
14980
7894
10519
11174
1967
5933
354
9995
10207
10058
7756
7589
571
1443
7799
6504
8767
191
11710
2418
1669
3452
15373
1427
5307
10092
10351
11944
628
7155
6262
13216
1377
4784
8198
11425
11535
8753
595
3505
1672
6154
8229
11797
604
11681
607
10356
9810
2464
11873
7038
6780
5249
9879
12260
4842
7741
10777
6221
4624
10182
2469
10184
6682
5124
6697
5394
8172
14894
3960
4308
3602
1058
2105
2179
8045
1378
5311
10323
5310
3455
5754
3983
627
1092
3072
13925
5661
8896
7315
6750
9778
8957
6130
12848
7865
12855
5694
1611
1063
11870
15079
16112
8837
14350
10800
3126
1729
10813
10814
10025
8876
12495
2580
12067
4920
3284
4528
2396
2402
3404
10079
1906
3649
5473
2584
12787
13232
6899
12347
14278
10773
10821
10944
4142
2008
5241
4293
1735
985
2526
865
2687
10244
3221
9425
9034
11317
4071
12628
1514
2355
7208
2652
3924
6895
12284
10196
8953
4505
14954
7694
12175
2530
8387
10143
10819
3766
6766
988
10899
2629
14391
37
313
2637
4282
10839
3815
5
10707
16404
1534
2672
3328
1687
8323
8232
955
544
5450
2153
788
1126
12981
2523
554
11820
10048
65
5028
2692
8438
8810
13004
2697
1802
2761
12795
10371
8129
9765
6256
8640
2482
5118
1445
5301
2694
8714
4471
8619
687
5227
4629
4287
2711
6218
2712
10917
3100
4035
10786
1750
6793
7467
12779
9486
2227
7701
2554
3168
4681
5462
10968
10971
8778
2092
6195
4829
5734
4201
4735
8847
10029
10979
5829
2073
2785
8421
6830
7942
2317
7542
6373
12430
3814
3817
6536
8400
9978
2807
3849
12167
8139
11933
10312
6905
2800
4058
1555
12454
3604
11032
7982
4858
16204
4655
4782
14322
5399
2834
4924
5988
12797
2413
848
5161
3119
5330
670
2408
2727
2842
1098
1667
728
881
13664
319
2843
9143
5171
9101
4860
8866
4258
4820
9520
3473
8639
7099
4431
7075
13252
459
72
3925
13226
7796
44
6855
2881
2190
2306
8410
14355
7344
7901
9135
7923
6639
14655
8542
9132
4713
6097
9888
1441
424
9299
9944
8771
418
3266
4875
9133
5232
5649
5613
1150
2770
5863
686
10703
11632
14581
90
5004
11543
96
4972
2064
6817
12334
7244
612
9006
8781
6030
3483
13593
10719
403
2963
12413
1715
13265
5770
12936
10795
10805
5839
5841
5842
4607
4903
1065
1935
4919
9086
5104
1948
1855
186
4259
3018
10955
3424
9003
7455
841
6861
2381
6865
12346
1400
3664
6869
11907
7755
12010
6872
8627
4179
625
7405
7812
611
6896
3160
6902
11700
4260
5179
6017
4062
3019
6903
4001
12293
9904
3132
6658
8054
7158
8230
2049
2880
3521
8707
10527
1158
7343
12014
3615
5605
5709
696
6993
132
4412
2337
12052
1983
1774
2517
7035
2918
3714
10320
1257
8975
6768
5371
10404
7184
8130
2709
2949
4149
5740
8703
8532
12566
325
8804
5531
10782
7002
15413
9031
5300
9919
9032
10820
5044
10769
1591
17612
9895
2504
10532
8723
10982
5177
8836
10775
11279
3090
827
3187
9002
10565
4387
3220
9325
7679
3061
15480
12854
9433
5488
7212
7291
3157
12197
7045
3591
8797
8805
8332
9375
9459
8167
4827
8333
12804
1406
2077
11262
4786
8917
2331
2312
1725
9646
1380
3930
9293
5635
12969
5896
7050
597
4722
10339
6803
11713
7056
10018
1691
802
3880
6874
520
10149
7362
262
868
8458
6259
272
10733
11406
1381
7430
157
4894
8524
4275
6446
4169
6860
5180
7425
4646
6330
6069
8499
11024
7902
5007
2379
5434
938
400
5465
4825
7815
1412
4193
5258
7474
4362
33
9643
7916
2915
2631
4005
3307
10081
2083
9279
6939
8442
12533
1486
5763
5653
6556
6029
3170
1012
4011
9481
1868
13145
6211
7105
12776
7552
4083
9975
10236
10799
4973
12662
2489
38
11729
2119
718
6573
3525
4846
535
7677
3051
7678
11690
1512
6339
3332
13377
4991
1482
2648
1913
8154
10759
11707
6215
7106
4948
7117
4612
8823
864
1923
12248
6104
581
5551
4437
5708
14086
11531
2035
4872
522
10986
4951
11337
10476
9292
11509
9822
8401
1032
8402
9736
5663
213
5683
3152
1119
3600
3085
8406
9742
8211
5768
5921
1174
217
4231
12032
7695
8412
9427
224
226
3321
4389
5932
302
11230
820
8450
2577
315
4730
221
233
3410
685
7857
7066
6558
4522
3962
454
9667
9758
8741
1601
1064
1629
504
8429
7068
9770
5128
11792
13168
8320
7104
8430
4165
3624
1675
1726
4257
4779
11459
3829
5011
3360
7742
5303
8431
15364
5018
7100
8353
564
3561
813
695
4586
5697
4163
9993
5283
249
6614
2000
7186
2296
3564
253
1796
3568
6431
4910
568
9945
5049
4409
4024
56
6326
5264
3052
6203
3572
1864
4204
3113
2197
5063
6455
10278
8331
8761
3556
3574
2205
4255
7237
13271
1721
3320
2814
280
812
3388
1677
373
1904
3462
5003
7182
5081
9331
13284
3167
1457
9662
2516
2435
5080
997
497
2552
3065
5117
6503
11501
10929
3008
289
1479
8482
6311
11420
6145
7313
4045
8500
8502
333
199
5472
11620
9399
4635
7345
5901
2641
3606
4122
4361
1708
4712
13295
4420
2237
12988
8270
7393
327
10142
7399
5363
618
112
9844
11219
10793
4043
8521
9356
3584
15622
7338
2732
7538
5111
8080
7602
2787
4306
5718
1437
3305
6389
7442
3928
7961
730
4051
3293
3899
6751
8091
2262
883
2830
2326
10280
1637
7948
2380
4492
2079
3865
10723
7080
3497
6062
1472
8133
2222
983
8539
2108
1823
3596
5141
7203
7468
7481
3905
832
8697
10374
6747
6115
6349
252
6940
2336
356
4059
2868
7003
14644
11609
2409
7154
3438
2941
6527
5159
5191
981
3030
3216
14819
6419
11842
1563
4862
5726
7234
1951
4588
92
2702
1082
2742
6084
6103
94
13360
12919
5172
8672
7704
8685
4552
1621
9715
10159
2624
6911
4132
13481
14911
4291
11790
98
6596
6009
4349
3969
11744
922
7897
14296
4382
7178
6756
380
3121
8255
1625
2954
3583
73
3122
7629
3099
8031
8586
7492
13447
10706
407
412
9264
10930
7229
14893
11695
6327
7819
7274
4173
12592
1642
8655
5223
7273
5748
8824
13012
4705
2246
2433
210
3809
5864
2812
8224
10405
8970
2206
828
6707
2191
6943
869
1902
2618
4466
7849
2947
2223
12000
3976
4818
2993
9441
3088
6582
9385
3518
1996
5190
5253
3837
5590
4126
1748
2018
12309
2248
11315
10498
13388
1862
8194
8720
6875
5255
3906
1485
10031
1452
8721
7631
8612
2543
10066
7334
3087
5455
7633
7239
15826
5739
2427
3201
6972
1917
1408
8888
3795
2178
1850
1788
843
8169
5998
8559
1397
8864
11005
5537
5439
11611
438
8419
7520
8569
2939
12361
3067
9625
12319
6557
4623
15382
3697
8380
1740
7160
4854
8476
5407
5200
10878
8517
2630
5038
6028
5477
893
6632
235
9964
11663
4759
8528
3730
7159
9078
12573
1976
466
12216
996
7951
76
8666
8670
483
4608
111
944
5279
14094
8632
5405
3630
4630
7221
4938
3179
8501
480
6367
12910
5940
9273
6650
3180
274
3188
10369
7660
3114
14820
1000
115
117
1659
3416
4805
4318
8816
1498
3933
653
3632
59
1053
7662
393
203
4661
5354
2328
602
8798
1679
4245
6924
1533
4980
10439
2187
2783
3878
5368
1831
6452
499
9297
1810
3458
4489
2215
3519
2089
5206
799
900
4709
5943
1910
5151
1513
4144
4332
6716
122
4161
8436
8830
14195
9718
6116
15263
1781
11621
3845
6784
8790
475
9676
11382
281
12160
3882
2088
17121
7272
11708
1988
8451
3551
636
10116
3498
3374
8696
11510
4605
9957
4964
4870
2663
5803
3491
476
9289
2680
11911
14234
3442
2291
2294
4348
15883
4969
5664
11814
7972
3190
4150
3393
7809
1372
11816
9793
2848
5458
5973
11637
381
877
6000
5218
5304
6032
734
3196
1834
4970
7839
5562
516
2245
13
8776
1114
1085
7241
2371
3250
4156
4056
8329
3060
127
134
946
1805
440
3903
3645
7254
1587
125
1465
7723
5689
3674
6723
26
5009
4158
2927
9068
13328
960
5669
635
5020
8336
1138
9924
4178
5611
7751
3470
4557
7995
7718
1654
11587
534
2459
8309
11811
8729
5666
7263
4121
6692
684
562
2467
184
3385
3078
548
7739
12781
7365
4811
3286
646
5563
5275
13212
3137
3801
7287
5260
5299
3751
3199
15485
4180
3773
388
8923
7936
4511
5348
7733
4146
1440
13202
10801
2985
10260
866
2922
1899
3959
1912
1921
8745
3490
566
4007
9083
984
3037
576
6634
140
793
9992
6433
10470
8788
5578
8969
1462
13136
4211
10738
3699
10301
8558
1144
11537
4603
4774
8616
5312
2789
11711
8620
135
4934
5175
1517
5350
5361
12325
4101
10742
8779
8701
10336
588
5036
952
5228
5421
8271
2152
6748
4263
5422
8390
6356
10501
10502
4370
287
5723
314
8534
2578
4513
4536
8643
543
1598
2605
8783
10836
6745
8599
1844
8846
5432
218
8904
4813
3193
753
2806
8968
3503
5818
5960
11041
9017
2890
2897
4575
7758
9060
9074
7037
2948
2957
10038
7329
2310
9126
3021
3041
3046
3057
3068
1075
7760
12040
3143
3155
1477
1145
3235
10273
13243
5478
3297
10070
3354
7635
5558
969
2870
7519
3575
16712
1078
5504
11300
10394
1464
9675
634
12041
1815
4959
7814
2519
14739
2933
11800
11801
3626
9786
3690
5743
4226
11652
1674
5777
3733
3737
11073
3746
1706
5404
5849
7115
2642
2583
1875
5978
8028
3631
5438
1005
5493
5357
5427
10676
3715
4084
7173
908
3637
5631
8831
4229
1607
1731
5160
10443
645
1915
369
899
5070
8368
11823
8013
681
8367
1571
1468
4009
5077
888
1893
10077
8218
9131
5078
8874
5460
7379
2776
7566
989
4268
2847
7778
6352
3640
4269
3401
7749
5788
12585
5467
5468
726
7250
2515
1051
4023
1483
3642
3636
9824
8397
4410
4030
4000
2594
12769
690
5039
11248
7394
1816
2524
12399
7174
7421
146
4290
149
3205
10016
2327
6091
3185
10001
10960
147
2231
10
196
8301
12285
2920
5911
3252
13016
13985
12043
4710
1135
7797
4809
6885
1888
7934
2486
11776
2319
1395
1738
6986
347
8899
7800
4595
4449
2086
719
536
2339
731
4277
5495
10206
12685
6074
1817
558
826
3356
3104
5801
2626
9432
5771
5497
3461
3949
744
12451
4898
705
1998
9726
2884
5989
8739
6726
11213
1500
8322
8990
3183
1501
6837
7102
1129
1746
6233
5119
1165
288
603
1799
5516
7818
5519
12475
160
5527
6208
4935
7726
8075
14440
1811
1094
2790
4499
4691
6890
6470
3425
5098
345
2127
12225
970
4725
3125
6886
15078
4130
11131
1055
3889
4668
6342
5972
3526
10276
4666
12
5480
4469
3847
752
8859
3049
789
8951
1100
5727
659
167
797
1015
326
1683
5261
4501
9318
2461
5022
1068
6883
3655
3947
1415
7584
3639
5406
2497
5535
8959
1556
4067
9312
6586
4530
7871
3660
8966
1973
5076
3181
801
8971
9364
8626
782
8394
8420
7401
3246
204
784
10790
790
9008
3964
5565
1876
4105
10109
2430
10127
9098
8085
926
7078
5572
1454
9377
1758
2885
1969
1949
9704
13327
6123
2029
1010
1527
3447
501
9106
175
3995
7864
3226
3465
7378
7917
6143
3744
2986
7868
8999
4531
12909
9404
6350
7869
4871
192
6932
5658
7335
4429
2244
3367
4873
6640
1688
9359
2912
13155
3467
234
3612
3887
1537
8393
5598
3396
10086
14642
8588
5302
12960
816
8722
1938
1026
643
6666
14611
2866
13780
5930
2821
9054
6638
3479
7431
1157
834
10190
6061
5816
11957
3197
6580
8384
3296
7997
1515
9015
205
3682
2726
8731
905
2167
6511
9020
3617
5553
3047
5750
692
14407
2217
838
889
2102
2924
3992
5824
2566
3268
840
4545
6948
3149
785
701
5269
914
13156
10440
3277
8544
6357
5575
3843
10514
5899
8988
7470
4360
6214
2708
10035
5508
1593
5956
5623
12553
4405
7644
12555
1853
3027
4091
7339
11505
10076
10543
2400
2138
5641
7453
9080
1963
6969
3554
2674
6785
9087
4576
2615
13011
8854
798
7439
12146
66
3411
3280
9096
9689
1505
2204
4141
4599
1020
5573
5650
182
5230
8238
5686
2347
7516
831
3563
2270
5502
6838
5033
6153
7928
7939
7163
7954
3147
6235
3178
12570
3691
619
1523
6765
8284
11355
8982
709
5326
5828
11998
3237
5148
10505
8037
1109
8101
3373
2874
12506
3931
1110
10561
1369
7025
7614
11813
1778
9272
13014
394
11156
9134
582
10169
8164
8683
8166
5201
8893
3146
4145
7298
7507
6500
4273
8188
4406
1768
3990
7949
4153
6770
95
13255
7907
950
8758
1770
5730
959
7207
967
939
3163
2087
846
1751
2609
2209
968
8624
2855
7874
4190
8135
11286
10300
2731
3675
1160
1510
3932
942
2909
4433
3400
2066
2340
11322
14392
3486
6689
10806
10889
5242
10117
5162
10154
2691
11040
4754
4088
2283
772
8349
980
16249
6892
1542
10985
7193
6131
6247
7235
10358
3861
3370
6459
4850
1016
12369
2463
5875
2684
1042
4889
3945
6071
2040
5775
8043
632
6981
9329
2989
197
5747
3038
467
9865
1608
2936
493
567
2250
4187
3292
7667
7668
3711
10757
13025
9069
7183
2382
2771
1641
6528
5799
6005
5809
9294
390
10133
5215
4464
13784
4295
4928
9277
805
2833
9804
6486
13653
15295
4205
5071
5204
4396
708
6429
4021
8268
5813
5751
3074
6188
4445
3545
22
4402
8656
8637
3693
222
5296
268
1095
6676
6812
5814
3688
11352
713
1101
4476
1121
1939
248
166
3740
8025
12814
5137
6146
4107
2723
6096
579
580
229
230
2795
11435
4111
3661
6753
5433
8835
4460
4627
3542
8496
9028
9317
8911
11631
1403
6912
11516
3338
5831
4863
1712
1713
9337
1495
11602
3496
6710
10574
2931
5138
3712
6358
3310
7347
3165
830
723
2016
1971
5766
5052
11440
9268
4350
3811
8642
11596
8432
4981
236
2720
3131
14266
11639
2142
4198
5684
5855
3707
2120
7953
617
2513
3207
5139
377
3308
11818
3633
4398
1766
6579
5764
3364
9345
5538
7475
4096
691
7580
574
8132
8456
2158
6192
3653
1724
4734
3546
7722
10477
11449
10174
9350
11552
7724
2895
10003
12702
4102
256
3076
4512
4921
8556
3468
2717
15470
1549
5642
8989
5823
13305
2156
540
308
257
3597
1167
7525
8512
9440
8398
7717
9255
9004
7258
10341
8042
9256
8659
2896
11120
4164
2645
355
4207
700
9686
12963
1569
11372
4159
4154
11364
5880
5657
8509
8511
7781
6744
8922
3687
2546
6947
7217
2490
5811
2974
7318
1396
12666
4600
359
4516
2990
12731
6979
10711
4721
2930
7094
10189
118
3531
1480
4028
8752
1036
693
3133
4885
2163
4783
9907
9388
7271
7052
2110
3262
5469
12866
9426
9434
5912
5720
4515
2311
11412
2266
6243
3516
4177
11598
2118
4650
8191
770
4100
3807
3611
11748
1450
5099
4224
4353
667
8551
7024
10573
2330
10709
4065
8829
1368
3029
5048
6319
2335
5622
3954
9456
8416
5293
5923
5294
3184
10989
1552
6344
3169
7531
4216
4737
2226
4215
5928
8702
2259
9928
9651
4456
3989
13535
4778
1826
2987
8998
15864
1317
2919
5184
11476
8178
10847
9942
2005
4217
517
1416
1943
10032
10416
10135
867
4558
3434
11349
5024
8374
3161
5168
4248
6156
8799
9956
9663
11479
3091
10039
10042
2269
4446
911
2472
1270
4555
5360
11430
7890
8873
6978
9591
2258
1398
1399
7970
12109
5448
10128
293
1407
748
295
1418
11292
3327
5952
1934
297
1420
1860
10789
344
3103
11684
16131
11056
12767
5370
4577
6495
5142
10545
3982
10463
7177
2236
7370
306
6364
10575
8841
11480
10807
3336
1618
5581
1431
5609
5736
7390
14846
5757
5324
12699
5331
3509
2973
1837
5900
8488
11363
5967
6370
2811
6537
2256
4879
2439
3463
6144
9638
3440
10802
5050
6914
10500
4990
4455
857
2538
14912
1463
6705
796
316
9411
5993
847
7693
6001
11783
437
4520
6961
2322
3359
335
116
3383
3495
14832
450
2151
322
4022
294
3
6685
1808
1522
5941
1977
1535
4764
1069
3474
4400
2211
1
13199
3138
584
858
1620
6488
4300
6882
3361
8584
3569
12789
795
3159
4978
10913
13267
5895
1560
6020
12999
6712
757
332
8662
738
9478
334
1153
11614
336
11428
9754
3172
6529
3748
1741
13575
3592
6036
835
4724
11723
6597
4688
9447
5760
3622
5962
2906
9469
1008
1568
837
12105
3914
5996
7049
9818
8017
7243
3927
4573
3230
1734
806
7054
1059
7199
2593
3275
2149
6788
2181
5060
10101
6789
1022
13069
4925
8531
12577
6006
903
1573
1404
4500
4480
1575
5866
1578
13096
11671
1970
1588
2253
1421
10130
3158
12813
8554
6715
7952
1801
8987
6719
3623
6060
4470
329
6813
463
4037
4013
7096
5867
9788
1610
1106
6950
12822
3885
9088
6759
6550
2509
6469
395
7692
6066
5958
6068
3175
4561
680
6647
102
1080
358
9808
4874
5992
3032
7641
3380
5084
11488
6826
1952
7371
14264
8381
7887
7888
8687
6878
2498
6693
3915
923
7581
2815
494
9014
3921
8472
1011
8452
507
24
978
367
962
405
7891
9435
5428
3318
7337
487
5173
6194
5917
6831
7367
3684
7387
3881
271
12458
6100
8667
27
5484
4678
9253
7246
7133
3857
312
3333
1394
9107
3290
10534
2261
13797
106
9483
5759
10497
9860
15475
4637
787
972
7279
1980
845
10840
10078
8850
610
11749
12634
11689
12860
9867
243
12453
7688
7456
620
2886
8504
7732
1446
1682
5714
401
1681
3365
783
3368
3603
4567
4095
6340
3451
2563
11203
7194
9881
3082
9823
15707
3294
1041
6163
5435
6530
4103
6474
409
5403
11333
3110
971
3256
1697
3304
1957
3599
2193
9749
833
6179
3536
5113
2856
5112
411
6561
6615
7551
1717
6696
4893
2573
3415
5725
6839
11360
6775
7114
6138
417
10099
10914
1453
1704
1117
4120
5673
2772
2614
3394
426
2500
433
14446
5233
5761
7230
1711
3476
5229
8570
1732
10809
6008
3460
4532
4533
2794
4651
2713
7776
6734
1757
1760
594
7508
11164
4682
1116
2373
9328
3450
1414
3678
886
5568
6908
6971
5648
3033
2032
4711
3856
1134
2644
2288
6207
8708
2369
941
1006
10108
4438
5016
3689
1147
5181
124
3904
1043
7451
7806
641
1790
3413
4800
5569
6864
1671
4744
9784
8433
9706
6318
5827
141
7312
3108
6293
7585
10377
8343
7095
441
153
2714
6303
9402
6237
4194
4636
3514
1728
965
3669
1698
11762
10362
8358
6254
9063
3540
10261
11528
10015
9052
6078
807
10348
6809
9327
8838
10087
6261
211
2378
8454
5929
6269
823
5983
7927
11588
1409
6535
2988
560
10021
9976
979
1401
3621
13790
214
3524
4202
3629
3727
9431
13085
3634
8119
6592
12015
4556
2297
951
223
5858
455
742
735
7924
10533
9966
5073
10152
6384
13384
2295
2059
8960
6983
771
11563
2341
10161
7081
9709
13692
12561
3800
3650
3381
2840
8192
12270
4891
5174
1825
3657
1836
8842
5779
12171
8199
6988
2865
1842
5946
6280
10539
3883
10014
2243
8076
8826
5053
1800
10609
3405
4892
9488
2067
10072
6251
10073
3559
4265
4262
2572
919
12326
5035
10886
12952
3936
7583
9962
10040
10041
6496
10051
2914
9030
3311
6551
1877
10074
48
10084
10089
947
3966
15283
1914
3511
1716
1941
8974
10138
10146
6516
10148
11570
9703
1966
6323
10893
3812
1978
1979
9683
2951
4610
3897
6034
6347
2456
11224
1700
1872
2052
4003
10248
2074
2075
5882
7010
9697
9946
668
2091
431
432
7560
5560
954
2101
2103
3225
2129
4292
2147
8425
12011
5476
1580
2155
2137
2164
2189
2194
2196
3313
6624
4602
10861
7424
4729
1079
3825
8746
11381
1956
7465
2898
5621
5216
8396
3203
3672
10390
12304
9449
10791
992
4901
9716
7408
3055
3923
9286
12310
5676
4092
2983
142
176
2037
179
7780
2224
4810
6836
8825
181
14963
188
2234
190
6381
9406
7753
3750
4662
2240
3282
4289
10528
3738
1763
4839
8996
31
1023
32
5006
716
948
2277
1024
391
4806
5064
2251
114
3340
949
4444
8466
8510
6519
2139
512
10256
11666
4197
12024
2278
2634
4615
11312
5025
4355
11227
8868
11668
10735
513
8221
4294
8019
3484
3208
11432
8138
3723
5313
7606
6686
2260
481
4940
2292
5002
15338
10486
2303
7900
609
2650
5015
4715
9323
1132
524
4718
10515
5239
6904
8676
649
5402
8712
2529
4613
10529
8376
4356
2429
529
11973
3754
10536
10050
10546
715
2889
556
8737
1025
6973
10959
2267
10469
3816
10506
2803
541
7705
10605
6952
9482
11179
9103
5152
5065
6760
6856
12792
2213
6292
5643
1930
557
913
915
9783
4195
3913
4110
1606
943
5466
2384
6850
2826
987
6341
4478
10563
3097
1481
6711
2376
1985
6462
2026
7591
3445
5903
4507
5729
10045
4477
2406
2412
3510
4939
3162
6435
11830
2871
416
6241
5365
1456
3570
3006
12031
6110
2891
6626
6444
9668
5420
5503
3287
1019
5608
3111
1402
6898
11447
2416
3204
9819
5202
2324
4866
4256
5147
5197
34
8386
165
2432
8078
2434
5352
7840
5198
3755
9443
523
3981
10342
7579
6223
2132
3319
1851
6490
9301
596
8553
4931
1081
663
662
40
6847
9007
2446
2587
11301
5511
15346
2449
2107
5781
11574
10407
3609
1707
79
12733
10833
2465
3258
5408
6197
4210
1628
615
4089
3148
6515
8088
778
3736
12907
45
10673
8732
491
5919
14138
47
6105
6299
10106
2492
8483
11630
2353
623
8872
4723
1605
2496
3150
3973
6538
6985
1722
11777
1545
7427
2531
11732
2537
4781
4518
2542
10225
2544
3808
894
6454
4474
3489
12012
6343
1827
2970
7026
8356
739
3558
8543
7765
10761
1936
7142
10763
9921
1689
10419
3822
2574
6543
12044
4812
9460
10767
12209
9451
10023
761
2695
2819
11296
910
10774
2536
12563
872
4148
11022
6544
2965
6546
10122
1984
4486
2481
7103
3909
2586
12745
10572
5088
9691
2888
10787
6548
8484
1374
6645
3107
4876
10471
11408
2689
3855
658
5150
7360
656
6507
10796
10797
3379
2764
7636
10487
13204
121
9893
4018
9748
3314
5913
4468
14762
5542
10812
8348
2567
337
650
4304
651
12013
2625
10818
10890
8245
8373
3520
13193
6575
2628
3918
11720
6764
2633
3543
4131
7162
486
5490
2027
13266
2667
8173
2664
7151
11043
3092
4424
16714
1388
8257
3005
7349
13000
669
254
8287
43
3242
2903
1389
10879
10876
8265
10499
815
8516
2955
1673
2693
81
3316
5722
8980
676
4802
11522
2705
6087
1819
3279
7129
3573
5539
4517
9023
849
46
3435
2707
5092
2710
5456
688
3003
2195
2442
3023
3961
10905
1531
4196
2744
4776
2747
7654
6291
8435
1104
150
8750
3070
2978
4914
4954
10967
3594
2778
8773
5207
4845
1597
6152
3506
2454
10977
10978
7653
3997
12817
624
8388
10445
4821
3663
2792
5385
7640
10991
8875
11042
444
3972
4069
8338
5221
6651
702
4072
4064
386
4073
1430
4025
7685
4183
2549
9027
639
1886
2825
51
2144
4534
706
707
6982
12245
10322
6708
4676
4399
10145
3014
3538
9267
3613
8497
6808
4922
1911
53
2838
1518
4596
10822
4494
5380
2207
4026
781
8468
2722
4036
6674
7224
2592
2299
5953
12393
1507
1623
5379
7166
727
3093
598
1885
9283
2148
5916
2173
7743
976
3791
14843
1570
6322
2751
13040
2961
1752
5079
2872
2873
8144
7058
5856
592
6709
346
5470
4298
6287
1558
8407
128
9311
172
7974
2809
13050
5528
10491
817
2307
10548
10027
11600
5351
769
6571
10697
5618
5876
5873
2621
2321
6274
9154
6386
7267
7281
2570
12034
8608
4743
10522
7859
5532
4264
6354
2791
5251
2212
3069
1806
6828
2632
6305
4484
3105
4738
3355
586
5889
4542
6025
6704
509
1818
6278
842
129
9
8036
3412
258
1612
2832
138
3858
3079
3763
1890
4031
2437
6410
7915
6312
136
590
578
4706
3000
439
3680
4514
2305
1736
3943
4108
4997
3988
1087
6099
2788
3173
371
7870
8417
5667
168
169
4746
3977
4745
6635
1841
9464
2673
311
7573
6304
9139
9671
2116
10054
4254
1756
1655
4227
4983
3731
408
4986
2203
489
5055
4461
6320
4638
4434
862
1878
5210
2877
9720
4618
4601
4440
4653
679
917
351
6022
3378
791
3677
3581
6187
7768
2643
6300
839
10282
4642
9647
8214
5381
4574
4325
338
1356
2501
2109
212
6310
8200
4369
12474
5918
4093
2017
10228
9379
5010
2639
2233
898
1021
6253
3301
6834
3831
5454
63
292
465
9889
8955
875
1765
8519
2012
7858
2043
2749
2828
3535
3618
4726
13137
5366
539
7587
703
379
7838
4249
2562
5281
4238
1494
4798
7034
1151
1459
547
2229
4851
2730
1562
2992
84
7622
3025
8347
3894
5086
228
170
585
1083
1390
2076
982
1077
2081
4247
3579
9130
8671
8857
4674
10384
15212
7527
3790
7588
4976
9949
8506
8392
1442
11187
6315
6170
697
1458
3094
2457
2044
4550
5633
8418
1076
5521
12508
8582
1503
1773
2892
4768
7047
8302
7541
13626
8828
7684
11475
515
8694
7446
8695
4239
8751
10000
2808
11502
3648
3513
4070
7293
1767
4426
2553
8786
5373
5599
4430
1559
1370
3073
5491
12668
736
1600
7013
6177
12929
4015
4823
6576
621
7885
10230
3485
364
1627
5949
1161
8787
2111
410
10446
237
5103
5163
422
6198
4253
363
443
4549
1866
156
3352
2797
1946
5805
542
4755
5069
6012
8051
9812
1887
9274
1125
5023
9043
745
4739
10559
11000
5485
10123
3827
1056
3797
4962
3864
3058
2721
12509
6169
779
10264
8651
6167
2048
321
891
3679
4250
3991
5440
2925
5877
8855
2136
2094
5196
215
133
5195
931
464
3806
1954
99
1089
6549
3031
530
1102
6199
7867
5094
3217
219
374
803
4988
850
764
2893
1162
4443
472
3704
2343
5156
655
10126
4979
85
143
7798
665
973
357
7383
245
276
3670
6679
383
7988
3215
7611
1643
3999
809
3789
10329
4078
5986
4373
8149
508
519
8647
4296
1435
8030
2361
2176
4016
675
3083
103
933
763
5925
814
5284
195
265
2671
6995
4351
2362
2547
1037
64
800
2541
70
765
2146
2679
7899
2571
3956
4199
749
1705
1009
8405
349
1120
5189
189
4104
5234
11975
4760
3625
180
6014
2706
9418
1803
5097
3414
3222
2235
202
5374
2901
897
5367
4720
3009
1557
6970
631
2762
7076
3343
721
4521
5938
5908
5235
3859
6390
3391
2899
4683
12499
1086
10139
3876
895
1038
6445
1807
3646
2945
16
8269
3934
1959
2854
3577
477
231
3941
3598
2715
3764
2887
183
637
4867
6687
36
1586
3362
4488
5193
3681
3386
6497
2662
3011
3066
2793
6398
844
6271
41
3975
42
1663
2474
901
11798
836
1074
9659
3752
1874
729
3499
4082
4714
238
2471
255
7457
856
1981
720
7463
3823
3142
69
4450
3478
775
5789
3765
6778
3824
4288
362
5263
601
5630
2839
2351
2982
4849
3274
4564
4929
3758
6427
91
8526
961
3799
605
1759
1881
5870
3826
279
7359
6436
10020
261
550
9163
3877
8956
5548
5607
552
3198
9100
613
810
10057
9642
3278
526
4407
2763
2154
4017
3550
2818
8993
4952
266
4303
8977
3635
5096
2484
259
4125
1648
7
6392
2370
4571
545
861
9661
2374
5248
4055
5090
2401
8568
2403
4075
8305
8445
9648
3993
1136
2651
3833
993
7523
5372
2781
756
194
1953
4418
3372
78
3810
6395
546
5702
8508
8727
1139
7354
6994
6313
3884
301
3662
4020
3106
3683
5170
2696
61
3695
2908
863
2426
62
3862
3248
3986
7400
110
2950
1693
2911
5280
647
4393
5085
3955
648
3515
7956
5533
208
2436
2157
4119
12498
2998
1835
3610
7855
67
1999
2160
3893
4367
2445
10158
11529
93
148
6481
3957
3081
123
1786
682
762
4152
4057
240
10103
2938
3586
3257
29
2943
3389
2468
3896
957
10911
6996
600
3709
3895
3673
1772
657
200
4050
5862
5091
4777
4868
427
10125
6051
8992
10432
478
3828
3227
2198
4354
452
6829
5120
2820
8878
710
13054
573
2851
5322
6533
482
5095
2184
940
2535
324
365
3971
2768
4137
1156
2015
9090
8342
2404
382
4941
17
389
2913
225
1884
2966
5101
3127
9400
6098
932
3323
3567
4448
3706
3821
10764
7175
751
4172
97
7795
755
3402
2316
7372
4157
470
469
10105
3134
126
12042
5362
490
4526
6736
8290
10129
5879
824
392
1428
2875
2700
3035
2977
1933
453
7118
1417
3211
2894
10788
4274
8644
896
2601
3922
7016
3422
698
413
4112
5774
6510
3084
7434
5254
361
549
2725
5121
4982
3958
4527
14669
4857
376
5769
458
3743
8355
964
2876
4587
2610
2960
4114
4115
4117
462
925
8652
71
2724
220
7783
786
8958
3437
3912
8084
6288
86
1047
8244
4123
11
4639
1475
3231
3002
109
6371
1995
2636
689
4383
2407
244
471
3039
5199
3872
4368
286
6910
2928
6355
2060
8147
414
8684
3492
2862
2916
3863
1046
660
4987
5102
10235
3071
3757
4060
511
4482
2736
82
340
3871
3493
3096
6727
4116
7192
4189
8236
5579
5205
3288
7572
3335
3772
9258
1049
3236
4134
2824
4136
2545
2827
4462
3739
7357
2699
2754
4869
5289
4138
4143
9084
6501
7493
4498
3832
6421
7458
4487
4276
8047
7135
599
4884
83
1626
4611
4109
6628
3344
5349
4029
1529
2733
6966
8574
4413
4044
732
3963
7172
3818
5203
8495
2759
818
1832
661
4140
406
3868
2653
2239
3702
273
921
3967
741
3792
1466
6681
1387
6698
4151
6483
3979
2837
5014
8981
456
74
1955
7447
3397
774
2755
8321
3701
398
50
629
8467
3866
5266
6121
3980
461
421
3644
4054
5297
4261
1703
2741
4246
368
8503
1829
4673
8428
673
239
3050
317
3760
3869
3020
3453
3261
4459
2264
5512
3140
4171
2804
3710
3686
35
15280
3793
2829
399
747
158
3643
1680
3804
4139
1710
206
622
216
819
8303
5105
2904
5100
953
3571
6016
1536
5306
9082
3820
758
766
8738
704
348
2575
291
918
10907
1088
3154
999
1115
3705
269
5136
3756
6990
4817
4815
3890
746
2769
3848
3762
3239
3834
7185
8487
448
307
699
3549
187
2878
3431
930
4432
6173
87
3312
8264
2576
10019
6889
260
7904
4665
2953
3974
4147
4191
6620
2735
6968
12330
304
6134
5182
9070
2357
7969
9484
0
139
1473
3836
1783
2718
878
902
4038
12770
3794
107
2991
1779
3080
3528
13430
3985
3700
278
2657
343
201
880
510
2728
4357
737
3541
1141
488
2869
1520
6992
2774
57
792
733
6598
3854
3130
2975
4014
242
4421
7179
2701
3716
4693
934
2280
101
528
2275
794
435
3835
6172
2271
4302
5400
7088
3015
3805
904
3012
3996
120
750
5001
430
5240
3870
375
3390
780
743
561
591
3384
277
8486
4170
207
1755
305
4155
4049
3898
1787
722
2042
449
4855
58
8
5853
2756
2698
5451
5013
4804
2879
54
2850
559
227
68
5209
4670
5290
2852
4127
6480
3703
108
3867
4936
2910
77
3761
2994
3557
3433
551
5305
1847
2853
415
428
3244
3588
3803
3839
956
3892
60
672
1054
2002
55
300
282
2057
137
3753
5584
1375
4347
241
299
3398
353
2817
283
9963
3840
3984
2805
163
4853
429
871
5257
3819
384
777
4079
4076
4787
5211
5353
3926
1044
674
434
2216
2999
3875
2952
131
130
852
89
88
4047
1168
264
1325
171
23
119
2849
39
563
986
445
3874
694
870
