########## k_4_lmd_3_length_236
559
591
2875
5879
3680
777
449
2879
3541
3557
2975
183
3840
3753
5102
41
4357
4936
2999
921
445
2805
1156
1145
12499
5290
8164
2876
3703
62
2853
2897
3839
786
1529
2057
2696
8980
852
762
42
2198
2698
1966
2869
375
3834
2930
1999
1682
2890
376
4117
67
3926
2728
3868
3702
6022
863
3877
1980
5548
8445
1375
2468
5297
4804
5673
705
3872
4136
2878
870
739
4115
3967
681
39
3804
3125
4049
1671
482
1044
897
3927
3871
818
171
4853
643
11563
1680
430
3716
3862
3323
3414
9100
4148
182
1693
682
5299
415
3681
4043
1086
2817
751
3892
60
4051
202
4145
550
1520
957
7
12498
3244
522
5579
3824
3866
4137
706
3492
4673
3867
23
561
428
384
119
2002
737
2874
4143
4855
8568
3819
5607
3434
5097
3433
3854
4869
694
4017
6235
3700
830
123
3855
299
563
3577
3134
2811
2722
259
4432
3820
3835
5849
2756
70
3612
2706
1054
2176
111
439
4127
3396
130
1586
5096
131
6172
2484
6427
36
3701
2849
9
1832
488
3756
4015
2850
58
7783
1074
3818
429
55
3551
1875
1417
2610
3874
163
5305
264
4116
5353
2887
2872
220
6074
3761
2741
2781
3733
3039
3864
3963
3610
2235
1779
986
3806
231
4054
3398
241
3588
4055
282
3002
766
2952
3257
