########## k_1_lmd_4_length_954
8030
120
2361
2176
4016
794
675
870
3083
103
933
277
763
5925
814
5284
195
265
2671
6995
4351
484
6605
1037
64
800
2541
70
765
2146
5584
2679
7899
1520
2571
3956
4199
749
1705
1009
8405
349
242
6134
1120
5189
2910
189
4104
384
2879
852
2216
5234
11975
4760
3625
3012
180
6014
2706
9418
1803
5097
3414
3222
4014
201
299
2235
202
5374
2901
897
5367
4720
3009
1557
107
6970
631
2762
7076
3343
721
4521
5938
3794
5908
3753
5235
3859
6390
3391
3898
2899
4683
12499
0
1086
10139
3876
895
1038
3803
6445
1807
3646
3433
2945
934
16
694
8269
3934
1959
2854
3867
3577
1325
477
231
3941
3598
2715
3764
2887
183
637
743
4867
6687
36
1586
3362
4488
5193
3681
3386
6497
2662
3011
3066
2793
2805
6398
5400
4804
844
6271
41
3975
42
1663
2474
901
11798
68
836
1074
9659
3752
57
1874
3805
729
3499
55
4082
4714
238
2471
255
7457
856
1981
720
7463
4147
3823
6968
3142
69
4450
3478
775
5789
4787
3765
6778
3824
4288
362
428
5263
3835
4357
601
5630
2839
2351
2982
4849
2275
3274
4564
39
4929
3758
12770
7179
3015
6427
91
8526
488
961
3799
605
1759
1881
1787
343
737
5870
3826
279
7359
119
6436
10020
261
550
902
3836
9163
3877
8956
5548
6172
2852
5607
552
3198
9100
613
810
2718
10057
9642
3278
3588
526
4407
2763
2154
4017
3550
2818
8993
4952
722
266
4303
6706
3635
5096
2484
259
4125
1648
7
6392
2370
4571
545
861
9661
2374
5248
4055
5090
282
2401
60
8568
2735
2403
375
4075
8305
8445
9648
3993
1136
2651
510
3833
5257
993
7523
5372
3130
2781
756
6480
194
1953
4418
559
4047
3372
3541
78
3810
6395
207
546
5702
8508
8727
1139
7354
780
6994
6313
3884
301
3662
4020
3106
750
3683
5170
2696
2280
3557
61
3695
2908
3716
863
2426
62
3862
300
3248
3986
7400
110
2950
7969
1693
2911
5280
672
647
4393
5085
3955
648
3515
7956
5533
208
2436
2157
561
4119
12498
2998
3996
1835
3610
7855
67
1999
3761
2160
3893
4367
3985
305
2445
8547
11529
5240
3384
93
148
6481
3957
3081
123
1786
682
762
4152
8
4057
240
10103
139
2938
3586
3257
29
5290
2943
3389
2468
3896
3839
956
957
10911
6996
600
1141
3709
3895
3673
1772
283
657
200
3528
4050
5862
5091
4777
4868
427
10125
2994
6051
674
8992
10432
3926
478
3828
3227
2198
12330
4354
452
6829
5120
2820
4191
8878
710
9061
573
4076
2851
5322
6533
482
5095
2184
940
2535
324
365
3971
449
2768
4137
1156
6598
2015
23
13430
9090
8342
2404
382
4941
17
389
880
2913
225
1884
2966
5101
3127
9400
6098
2057
3854
932
89
3323
3567
4448
3706
3821
551
10764
871
7175
751
241
4172
97
3819
7795
429
137
1783
755
3402
2316
5182
2357
7372
4157
470
5305
469
10105
430
3134
126
12042
2991
5362
415
490
2853
4526
6736
8290
10129
5879
824
392
1428
2875
3390
171
2700
3035
2977
3398
2701
1933
9963
453
7118
1417
3211
2894
10788
4274
8644
896
2601
3922
2698
58
7016
3422
698
3875
3974
413
4112
5774
2703
3084
7434
5254
9652
549
2725
5121
4982
3984
3958
4527
9019
4857
353
376
1473
5769
4421
458
3743
8355
964
304
2876
4587
878
7088
2610
2960
4114
4115
4117
462
925
986
8652
71
2724
220
2975
7783
786
8958
2774
5853
3437
3912
3840
8084
6064
86
1047
8244
4123
11
101
4639
2042
1475
3231
3002
109
2756
4170
4853
131
9484
6371
1995
2636
689
4383
2407
244
471
3039
5199
3872
777
3892
4368
286
6910
2928
6355
2060
8147
414
8684
3080
3492
2002
2862
2916
3863
1046
660
4987
5102
10235
3071
3757
4060
511
4482
2736
82
340
3871
1847
6992
3493
445
3096
6727
4116
3244
7192
4189
8236
5579
5205
3288
7572
3335
1054
3772
9258
1049
3236
4134
2824
4347
4855
4136
563
2545
2827
5013
4462
3739
7357
2699
2754
4869
5289
4138
4143
9084
6501
7493
4155
4498
6620
4670
3832
5211
1779
6421
7458
3700
4487
4936
4276
2999
8047
7135
599
108
4884
83
1626
4611
4109
6628
88
3344
5349
4029
1529
2733
6966
8574
4413
4044
732
3963
7172
2728
1168
3818
5203
8495
2759
818
227
1832
661
4140
904
406
3868
2653
2239
3702
273
921
278
3967
741
3792
1466
130
6681
3870
1387
6698
4151
6483
3979
2837
5014
8981
456
74
4127
2869
1955
7447
3397
2271
774
2755
8321
3701
4693
398
50
54
629
8467
3866
5266
1375
7813
6121
3980
461
421
3644
4054
5297
4261
1703
2741
4246
368
8503
1829
435
4079
4673
8428
673
239
3050
317
3760
4038
3869
3020
3453
3261
4459
2264
6450
3140
4171
2804
3710
3686
2817
35
15280
3793
2829
399
747
158
1755
3643
1680
3804
4049
4139
1710
206
792
622
216
819
8303
591
5105
2904
5100
953
3571
6016
1536
5306
9082
3820
758
8486
766
3377
704
348
2575
291
918
10907
1088
528
2657
3154
3703
999
5001
1115
2849
3705
269
5136
3756
733
2850
6990
4817
77
4815
3890
746
2769
3848
3762
3239
3874
163
3834
264
5451
7185
8487
448
307
699
3549
187
2878
3431
930
4302
4432
6173
5353
87
3312
8264
2576
1044
10019
6889
434
5209
260
7904
4665
2952
2953
