########## k_2_lmd_1_length_12317
3101
6878
2498
6693
4918
923
7581
2815
2473
9014
8899
5446
7245
8795
719
2274
366
978
367
11680
4041
6959
6960
4428
7891
7552
4590
1665
16772
1125
1812
8913
3790
9042
487
378
15500
5917
2728
725
11496
17667
1852
1832
3209
16570
12458
13806
732
8667
741
744
4680
8777
7767
8291
7380
16180
13648
13539
6524
385
9107
747
3397
8925
8771
9890
2261
752
13797
7415
418
5759
10497
2051
8951
762
787
14575
6694
16263
8117
1980
845
9741
10840
10078
8850
610
11749
6920
11689
5639
5580
4459
396
825
1603
1062
620
2886
7731
8572
7732
399
1446
1682
3643
8955
15244
401
8959
7700
8966
928
8967
819
4566
4567
8971
10472
782
784
5445
5441
8979
7194
8486
790
8985
4033
7294
4002
7206
10907
6316
6206
10435
3289
1115
7773
6530
4103
6474
409
5217
8992
4519
971
3256
410
6272
6273
4865
3599
2193
6167
4129
936
833
7110
4297
4826
5113
2856
5112
6652
411
6561
9079
873
7551
4451
6439
7086
4893
3437
2573
3471
7513
1829
2363
572
9084
9801
7114
8993
482
876
417
1954
3880
474
10914
1453
78
9116
9895
8077
3249
9391
426
2500
433
5194
5195
5233
4220
5761
14989
2748
8999
814
816
818
4843
8467
5939
5970
6008
6010
7588
4532
4533
9015
775
2713
4976
9779
9949
6966
2134
6737
9020
838
8086
3851
3886
840
844
1212
16704
2373
9044
5209
8417
9328
3450
1797
5442
5356
886
4756
853
11144
6971
9047
7669
3951
593
3856
6859
2644
963
2369
941
4703
9855
856
2131
3689
1147
4271
3904
5494
436
10386
11613
4993
17719
9058
3016
10080
8433
1067
1071
9856
6285
6318
5827
12498
875
4855
6437
6956
4436
4957
3941
7253
441
2128
1419
1040
1553
2839
11674
4194
6307
5670
3514
9919
965
9073
2031
11762
5876
10362
9917
6688
9270
9063
5644
10261
11528
5696
7419
9080
10334
6078
12241
10348
6809
12057
8863
9327
8495
8838
10335
740
4832
7396
8454
7931
14398
5929
823
8506
5892
5983
7013
890
7545
10558
1409
7555
6535
15249
9108
9087
6046
902
8621
11436
9664
9661
446
447
3524
9096
8654
4049
17707
3577
7240
13085
4525
8119
6592
7496
13769
4556
2297
5349
2471
2698
951
7911
626
455
8095
3466
735
1702
7089
457
11660
12442
931
12383
8546
5889
2649
9851
2059
5058
8725
771
2334
2341
934
10161
11438
2611
935
11964
940
3650
3381
1484
4816
12270
15206
5174
1442
1159
2820
3547
1736
15211
13061
1444
1616
468
7413
633
7676
469
11134
4461
9781
14991
1685
12398
3883
9775
950
10305
12230
8142
5053
12143
10609
3732
11913
9488
2067
14510
10072
10073
3559
9043
472
473
4265
4262
4354
2572
919
6620
4611
11622
2160
2425
9962
208
959
967
968
10580
974
977
980
3932
1016
1042
1048
1049
1050
9265
9266
9277
1089
1090
1095
1101
9296
1118
1121
9315
9317
1127
9332
9333
9334
1143
9337
9338
9340
9341
9342
9343
9344
9345
9346
9347
9350
9351
9352
9354
10632
9355
9358
1167
9363
13848
9367
9373
9376
11768
9381
9388
9408
9413
9426
9434
9437
8399
9456
1577
9471
8405
9477
9485
9491
15864
1317
1325
1398
1399
1407
1418
1420
1425
1426
1429
1431
1435
1438
9638
1447
9648
1461
11494
1463
9094
9095
6928
1079
2671
11381
1956
484
6605
2946
644
5054
8396
14161
3672
1467
12304
1469
9449
5671
7092
4901
1705
6761
3156
3055
1471
492
8983
496
1410
17672
17673
4626
6935
6824
7483
4810
17633
9548
9835
6296
7331
13687
2784
7299
7403
500
6945
6568
6922
6923
4289
4581
3738
7197
8112
577
502
503
1488
2917
716
948
12097
1487
8237
506
4897
5904
1499
508
1033
1034
1035
9958
4444
8466
5378
9692
7798
512
1932
11666
5583
9700
2458
2332
4615
569
8770
3994
9316
2533
9322
11667
11668
8415
513
514
4294
8019
6866
3484
1833
11577
8000
1604
8138
1614
2662
9969
5364
4457
5667
518
2260
520
1506
1749
521
2474
901
5002
8079
836
1522
1528
11187
9725
1620
8275
729
7900
609
1539
4715
6703
2809
6279
524
6900
9745
6904
525
9287
5402
8712
2313
5592
7012
5682
5577
5977
5597
3325
2429
529
6186
7084
9751
1560
4040
4283
8213
2982
1561
9754
17674
533
8154
10976
8737
535
2117
1785
2078
538
5610
7788
773
678
541
7705
7222
10605
4852
6952
7766
4098
7256
9103
1568
5152
2595
550
5065
9163
6760
5548
6172
7914
2213
552
3198
555
4281
7979
7932
7933
557
913
915
8217
4195
4110
3550
2818
2962
943
6706
3635
6850
9818
8131
6341
1573
1575
860
861
9769
1578
1584
7801
4128
1588
2026
9360
3853
9794
5903
4507
14980
12549
1610
10519
1613
9808
3510
4939
993
3162
2143
9811
12593
9812
1567
6241
10207
1626
7589
571
1443
8907
9717
2891
7637
6444
10245
11710
581
3287
7815
2418
5051
3884
1669
6898
717
1634
3452
9819
16209
779
1427
12253
5307
590
4256
6315
5147
1635
5197
3718
9829
3248
8386
1753
7909
5352
7840
5198
7155
7181
12566
5544
12213
8804
9833
7524
8198
11425
7613
1638
16594
595
596
2998
15118
4931
1672
6154
663
9830
662
8229
6847
7268
917
604
7385
7386
11529
2587
11301
11681
1646
607
1422
1649
1653
8021
9772
9846
9849
3609
611
7650
6780
6783
5249
3586
9879
1662
3357
5408
4842
9896
7741
6220
6221
614
615
4089
7165
9860
5125
15296
5124
778
2959
5394
11549
9863
8105
14259
7122
9867
1680
5919
14138
1681
1378
10106
2323
3223
9875
5311
12330
623
10323
5310
4723
8784
11495
5754
3983
3973
627
1092
3072
11777
1544
1545
5830
11203
2582
15383
9881
5661
15391
1690
1061
9904
4614
1694
1697
9892
9894
12848
1704
12855
12346
6343
5694
3652
1611
3664
3616
7026
11870
1133
8543
15398
2683
1711
11907
8837
13114
1718
9921
1689
1701
10419
1727
1730
2752
1729
14533
4807
7882
4812
9923
4984
14883
12495
12010
9451
12014
5873
10491
1732
12067
2695
4920
10548
13791
11296
1739
15395
2396
2402
2915
1742
872
2926
1906
11434
4985
1757
11132
11645
4486
1428
13232
6899
7070
7103
2499
1760
14278
12745
10572
15397
9691
12567
9954
12154
10944
1925
3212
2008
8734
1764
1765
4293
1735
4876
985
2526
865
630
2687
10244
5774
2703
658
3221
5150
9652
7360
656
6507
6508
9869
3958
1565
10027
3379
2764
1767
7636
10487
1779
4071
12628
6671
9746
9759
7208
2652
11378
9748
1780
6895
3314
5913
4468
9679
10196
8953
2719
17058
17059
7694
12175
7783
786
8958
2567
924
5351
8387
3840
8084
650
17795
651
652
12013
1790
1968
4593
3766
10970
16136
13193
3213
9994
15253
1821
1668
10015
6170
1824
1828
8093
4383
10021
4131
8869
14918
1830
13745
14941
6581
1835
11078
2119
5986
6355
8026
13266
10028
13518
10707
5753
16404
11043
6215
3092
4424
660
4987
6305
1839
1840
10033
1687
16289
4523
7196
7643
5450
7006
2153
788
1126
669
12981
8287
1310
1845
4905
10040
10041
7611
4004
10048
4992
3335
1858
815
6407
8516
2955
10051
1861
2551
3978
16660
8980
676
10060
1802
2761
5122
10371
14299
1585
8129
6087
3684
3279
7129
6256
12532
3573
1871
5118
9023
1445
849
5301
2694
9827
5092
1877
2419
2180
2321
8619
687
5227
688
4884
4629
3003
4287
17728
6218
6219
3023
3961
17914
1878
10074
3838
4035
4390
9882
1750
10084
5287
1651
10089
8435
697
7973
7958
7959
7292
4914
4954
16485
6611
5462
9873
3594
10104
15372
1914
868
2092
10120
6195
1597
2623
1937
5734
4201
1941
4735
2177
10897
10690
2199
2225
10937
8388
5829
8903
10445
4821
2785
8421
12025
5845
7942
5385
2317
7440
2329
1818
11042
10531
11051
10544
10557
4416
7497
1944
1879
12633
12135
2411
1907
12167
13713
1430
5552
11933
2488
2493
1474
10138
11759
8181
2800
10817
4574
2144
1555
12454
17693
706
707
6982
6881
10146
5549
6708
4676
4858
10145
3014
3538
4330
10147
3613
4655
10148
4913
4922
4814
7645
12614
1518
4596
10155
4731
4733
2413
848
5161
781
5105
8468
7887
2722
5155
3119
5330
724
2408
5953
2727
17692
1098
5749
7166
727
728
14627
918
1965
8519
1978
15486
1979
5916
5171
13833
7743
8136
10173
976
4258
4820
1982
14841
14843
3473
1570
6184
7099
4431
7075
906
3901
13040
4010
8709
2961
1989
13226
3382
16695
7482
12528
6353
8796
7058
5856
1990
1991
4209
11560
2306
4298
8410
6287
4988
1558
14892
14355
7344
7901
9135
7902
7904
5615
7923
6391
3130
8554
2466
8156
1663
5893
3392
3215
4773
6715
8397
8424
3239
4961
2615
15463
17764
12577
9362
10908
1993
2219
12231
1869
10329
6364
10108
2407
8815
4470
4952
2151
1657
7304
14498
11473
1994
10195
2377
3945
2004
6583
757
9702
13813
2007
17659
4503
2012
2013
5076
3181
8637
8240
17614
8064
6719
5208
2538
7342
1700
5236
10123
1936
6142
9385
7534
4219
768
6698
6833
15305
6473
15315
6229
6491
7398
6130
10336
1846
9298
1492
13823
5532
9379
9129
14256
1458
7994
7995
7997
10211
14584
1245
11292
5675
3225
5582
5852
5935
854
2021
5523
6040
6048
10233
2502
6056
3730
2042
5365
9304
7047
776
1369
2043
1372
2304
1931
1436
3094
1084
1460
8269
1129
1777
2311
2326
7052
7001
2398
1930
910
1437
1987
1478
1998
2046
7649
1514
1515
1534
2052
11482
16366
12271
8834
3216
3250
12733
2642
2054
12907
8204
8206
789
972
4713
2048
9865
2457
12866
13017
4443
5229
15344
10248
2057
9750
9752
15408
10948
8434
2074
9643
966
15327
793
15116
14995
5160
15223
15224
17123
15221
15222
4471
797
4501
3555
9029
4973
5148
2075
2848
805
16712
2080
17658
7525
8422
1165
7318
7859
10938
10940
7236
7585
8076
10939
6908
7142
7570
2082
2083
5725
9335
2084
10876
9356
12245
6571
2737
8392
10279
2091
8824
2097
2098
9957
7635
11001
6404
12045
12049
2841
12252
6967
4935
2100
13220
2101
2475
5061
10197
12250
12254
16394
8366
6691
9272
9282
3651
9284
9290
8594
2103
3692
7811
11372
15513
9372
1820
8375
10989
5384
4874
8472
7472
12634
8561
6514
8570
9281
9374
995
2044
11633
11682
7560
3083
2139
6950
11623
11504
2111
4403
3489
16113
4458
6151
9947
11557
2113
11559
1770
955
4057
2523
2129
14985
8270
7382
10327
2136
2147
5218
11811
17708
10345
821
2618
822
14367
2154
2155
2164
2176
2185
2189
2194
2196
10390
2208
6892
2216
6757
4711
4292
2224
1744
2228
8940
8448
2232
14279
970
5108
5972
1615
2234
5727
1962
8067
11636
2235
4871
4873
6666
7180
4803
1001
2240
4230
6030
3095
2015
2242
4850
2684
6981
2621
6979
6980
2382
839
3845
2142
10158
7448
8450
8032
4214
7717
8042
9825
9841
13696
3768
5048
16471
9842
5250
10442
11430
2258
14293
8395
857
858
1734
2251
6811
1660
10454
9349
6340
15245
1546
2278
5273
7327
10475
9706
11493
10185
5073
2130
9707
2285
11463
2286
10160
3998
6101
14314
12290
10256
15326
4550
12001
6930
7591
1974
2871
1609
1628
1905
2045
10193
2292
2293
878
4487
7962
1678
5380
5379
2901
991
6795
882
884
5038
888
4066
2988
4538
7744
2799
894
4008
3764
4021
4022
10486
3830
14540
2282
10150
6455
5633
7651
6503
9399
8832
10142
10981
10275
8692
3928
2830
10210
1637
4079
6080
15319
6115
7680
5711
907
2069
2302
2303
6289
10496
2010
4706
4598
916
2168
2308
5205
5206
920
10515
12364
5375
9776
9307
7365
10834
3773
930
13202
10263
5723
4701
3177
5510
2325
7617
16661
12980
1208
11650
4898
5337
16619
16621
16622
16623
16625
16626
16627
16628
5887
3331
10504
3344
11651
9778
9034
5964
11629
10529
11646
2338
10536
8588
16620
16624
2482
4545
5575
11217
3554
8854
7439
2073
8866
9132
9133
9134
8758
8781
2351
1510
10546
10547
10550
2364
9086
4259
4260
5179
5176
5177
5180
5434
938
5204
3050
2264
3712
7820
2368
17864
2370
1012
10563
10003
8224
10405
2374
11708
13002
6354
8251
3674
2375
8123
2376
7708
17082
952
2401
2403
2210
2406
15510
4530
4531
5448
7370
11353
7390
14846
2270
6144
9989
7322
10913
7429
2412
16942
10607
2416
964
1826
1934
1652
7469
11829
8504
1401
12932
11523
5600
3110
3304
3841
6615
7424
4356
6711
2426
6864
2432
2434
994
2436
5259
979
4518
4473
2441
9030
5490
1686
9987
1966
14654
2141
3186
2445
4272
2751
4839
11497
2446
2449
11500
11502
11503
11505
2460
11508
2464
4887
4890
9007
3389
3456
6055
5511
9998
10000
5534
3107
4728
2903
5722
3045
5997
9968
5618
2454
9267
17622
1507
998
999
10534
10806
1769
2465
2145
1381
2750
4178
1716
2468
2469
8524
4412
9683
9905
2548
2470
15284
2477
10673
6782
1595
1018
1019
9847
9443
9657
9955
11337
7695
4730
1155
6667
10775
3624
16244
16245
2000
2483
16246
2496
7817
4462
7816
3641
6257
3705
1039
6141
6106
4361
4712
5994
1148
2590
7130
7275
2531
7277
4755
7822
7790
6449
7406
4584
10724
6747
2535
10934
7290
2537
8843
1047
16904
8200
9409
2133
9826
1052
7681
10850
2150
16119
2542
2740
4488
9369
2544
7935
3697
1060
5756
14094
3742
2556
11940
6120
1066
2171
6732
1959
10549
10751
9289
14234
10761
2802
10763
6176
15361
14180
6539
6540
6541
10764
15353
1072
2985
5701
1139
5800
3312
5894
4362
6049
2574
3575
1076
1078
2050
2399
10915
10767
2580
11618
10774
5614
2327
2584
4857
9871
11834
8147
2339
5652
4301
4690
11213
2585
9105
1093
1123
1094
5392
6324
1096
1097
15260
5391
2586
2929
1099
1100
1142
7880
1103
6883
10781
2669
9838
6684
8626
10447
13525
10787
10788
1111
2601
6361
6362
5982
6061
6281
4708
1124
13156
7826
1128
2365
2440
5784
10796
1892
5106
5776
2204
1136
1551
1434
1647
1865
2126
1775
4145
4153
1140
1554
6677
10797
16446
3654
4218
11403
6802
11421
11461
10441
12508
2610
2827
12072
10811
10812
16685
10815
11066
3939
12198
14258
11359
2625
14262
10818
10819
14266
10175
4553
2513
5109
1146
7475
3548
1152
1154
2628
5005
12917
16702
10222
2896
14324
1164
1166
3531
9898
2629
6917
10877
11412
11394
2631
10573
12691
14150
11063
1181
1222
2633
1249
5168
1255
1270
9444
1280
1284
5692
14947
1332
2636
2637
3463
6683
16680
2639
7354
3517
4300
3361
15145
11809
10839
14282
1376
2664
5996
4573
7494
3521
5060
5724
7639
1379
1380
1382
1383
10858
2672
1386
3082
3100
12975
6191
10312
3604
5399
10918
11635
9944
15504
2288
7946
7451
3413
11706
9019
1935
5030
11696
11697
10870
11700
10879
11702
11705
11707
10533
4062
8102
10014
1983
17750
8130
7336
4786
7362
10321
2692
9946
1391
5969
1580
2693
10888
5617
2697
5621
1393
7753
1621
1763
2699
2277
2705
2172
1516
16329
2634
7916
8721
16669
10050
14328
1756
2707
2589
1576
1834
9783
1606
2384
1648
2162
4477
1792
2710
1856
2711
2452
2581
1945
1699
2712
1964
2353
1605
2231
10905
1888
10917
1525
2733
1415
2689
2214
2093
1973
1719
1537
1745
2138
2527
1519
1523
2070
1950
2209
9417
11352
2395
1885
2148
1766
2156
1654
2486
14711
12963
2049
2063
1557
1569
1599
2118
2635
1684
1707
2220
2236
1725
1741
2256
1774
10927
1801
2320
1873
1413
2744
1957
1960
2032
1521
1532
2378
2747
1640
2749
7492
5319
1971
9523
1598
5313
5315
2759
10961
10966
10967
5321
6481
7770
7772
10968
2560
2062
2577
2778
2597
1601
2123
1629
2661
9848
10971
1675
1726
1733
10972
2290
2296
1789
1813
10973
2606
1819
2442
2386
2393
1886
10977
1904
1911
2435
10978
2632
1479
10979
1504
2788
2792
2252
1929
1424
9889
9130
1857
9872
9840
10991
7602
5047
2547
1926
2030
6751
4193
14442
10993
2807
14978
15487
4253
2222
8910
9353
8011
15189
11012
11013
2825
2828
2829
2834
15196
2838
2842
2843
15201
15202
15203
2954
11036
2850
11052
8655
10236
1432
1503
2433
2604
2191
1902
2596
2221
1838
1822
1992
1493
2528
2517
2281
11054
3087
5991
2872
2873
7679
2086
2383
1509
17756
8528
1816
7951
4880
3630
2756
1901
12910
2266
8874
10369
1498
2309
2187
1810
2215
2089
2058
1513
1782
6897
1526
2554
2555
2019
2881
2885
2893
1455
2895
2362
7809
2906
6641
2200
1481
2919
1805
1465
2927
2930
2932
2314
11131
2459
2467
2355
2966
1854
2977
2521
11173
17570
9925
2627
5520
10260
3490
2983
13637
8788
3306
16499
4603
2342
5175
5902
2986
2578
5931
1844
10805
1477
2638
5839
5841
5842
5840
2300
2870
11641
5500
1645
1543
2994
2065
7212
3000
2135
2666
1661
3008
1731
14534
3011
3027
1773
1893
11223
12793
3044
3048
2479
1483
3049
3052
1997
1882
2125
11248
9733
12285
3061
2431
1664
3069
1738
1670
1709
2359
8877
6739
9497
1500
1501
1502
1891
9926
10129
3070
1511
6013
1696
3079
2127
14269
14270
1791
16345
4668
16339
16340
16342
16343
16344
13935
7030
1683
13505
3562
3539
3080
2553
9312
9300
3081
6820
8236
11429
2166
2397
1548
1758
1969
1949
8920
7048
6350
8187
2244
8183
7248
7046
2047
11719
9832
2907
3084
3047
3096
1583
8708
5143
12833
5772
1591
1593
1594
6828
5956
3108
3111
7720
8663
8125
3940
3116
2192
2202
3122
1619
2276
1900
7516
1630
11315
11316
1633
3125
10722
3127
2106
2257
637
10389
7963
3133
4551
3135
8707
11333
11335
3148
10527
14880
12193
3150
9125
3153
3161
3167
10755
3170
4088
2283
3299
2568
2476
5875
9951
3173
3179
17571
2480
9329
12948
2508
3180
5298
10133
3188
16487
6453
11382
5410
2892
7837
6794
6485
13483
6676
4118
3154
14939
3196
11435
1712
3197
14055
8432
12038
3199
17892
7953
3207
3364
8754
3222
3234
13118
11431
17890
16286
10174
11433
3252
17891
11447
3261
3578
6649
2675
6212
7008
11458
3268
2348
1841
1867
2387
11466
2161
1948
7271
2443
3280
3281
11724
11725
7074
11474
6232
11476
11479
4748
7899
11480
3290
4336
3291
11349
5024
6728
11485
3999
16159
13926
3294
4672
3327
2390
5846
6578
3301
3303
10463
3311
11462
8316
3313
1837
1737
2782
2656
3282
17776
5050
8197
4768
5087
6044
6075
6076
1761
1762
1784
11491
11507
3319
11526
12999
6712
16220
1843
3592
3341
12168
5835
5369
4222
9291
9295
17035
15512
11539
11956
2509
7947
11547
14885
2017
3363
12653
13362
12921
15476
9483
15475
4863
1795
11568
7109
1798
7301
3062
3451
3384
6787
2575
5685
11584
3393
11587
6400
6769
4766
11590
5810
2357
3647
5847
3401
11595
5483
5029
3004
6550
3419
8115
8642
2617
14223
3425
11625
17111
11626
3449
11591
9306
9052
8264
3455
11588
11653
3467
10820
6122
3480
10769
3481
3483
7924
3486
11679
6051
5871
8842
5779
7118
5728
12232
12233
6187
1946
12046
3492
6551
11690
7215
5703
12089
11691
11695
11506
11704
5476
3300
3515
3516
10861
2980
6876
8746
2898
8151
5999
11709
1880
4662
2491
9102
10137
9910
14272
14273
14194
3324
3607
5025
5027
11657
2514
2006
13288
2529
11711
4981
3002
4763
2658
11717
9392
1919
1922
3527
3528
2826
11723
3097
3229
8780
3535
9462
8057
15645
1942
10395
3204
4866
3755
3981
3536
2333
9866
11730
6197
3540
1967
2077
8732
3543
5933
7799
8767
6538
6985
3544
11878
2923
12012
11737
11738
4624
11050
11677
10471
14350
5241
7434
11741
8244
8245
12342
2114
6213
8273
14391
4184
8302
11744
10365
8323
11746
4235
6290
8687
8338
3556
8437
8438
2343
4394
8497
6509
4494
9765
8640
11004
3557
3558
10810
8765
12863
9311
11018
4678
4681
8778
3561
3564
8807
3568
3572
11032
3574
3576
10960
15634
8928
11005
3580
3581
11774
11014
3583
11016
11782
8662
11784
3598
11793
11024
3618
11814
11816
3334
11823
3640
3642
11836
11845
3655
11039
11057
3660
2880
2908
2913
9062
2920
3670
3673
6821
3675
7182
3685
15413
3686
9061
3174
3187
15480
7291
7319
9375
7356
3271
10446
3688
7430
3703
3704
3346
3374
7493
3707
13709
7583
11693
7606
13784
5601
7677
7678
9744
11910
4696
7704
11835
11531
9803
3721
3729
11003
8812
3758
11978
5921
3748
11230
358
11944
3933
10081
3956
3962
12160
3760
3763
3772
11555
8826
3812
12011
3825
12021
12024
3835
3836
16305
12031
12039
16308
12040
12041
12043
12044
3855
12048
12053
3868
3869
3376
12095
12105
3915
3921
3922
6791
12239
12125
3957
10237
3966
3969
10162
17116
4274
2626
8739
10929
8505
6441
6607
3972
3975
4635
5901
5955
2036
17742
2039
6580
14802
2217
11219
3827
12184
6792
3584
7556
4016
12209
8080
4018
5705
5718
4190
2404
12369
9900
6803
2771
7921
4024
11516
4025
11512
4026
11517
10201
2079
4038
2230
2090
11364
2159
2108
2109
2670
2110
4043
859
8178
16651
16652
17702
9591
4082
14819
5726
6601
11634
4047
2742
2607
4051
12919
14388
11399
11247
6097
13481
14911
14912
9447
9469
2165
6730
6733
13632
2174
4054
8503
12248
5540
7629
8031
17704
14009
7246
4059
6327
7819
12592
9457
4342
2212
13012
10880
4705
11164
5568
11788
14609
9401
6707
3192
5016
9784
12000
10087
3088
5918
12964
4063
8216
2791
2505
10886
5966
12256
2248
4070
15697
11328
9481
11664
11627
10984
8169
5643
16494
2268
4085
11830
12289
12293
15511
12299
8277
10459
9078
7541
6193
12216
7615
11630
11133
5957
13730
5405
7107
12301
6584
8148
6367
12305
6650
2307
9386
13452
7697
10780
2312
12641
11582
12306
2328
2331
2520
15248
15246
15247
7685
5151
13359
12308
10350
8830
9935
12309
12310
4119
4123
12317
16678
15665
5426
12600
15470
10116
3498
11754
3160
2345
2346
13812
2539
3372
5664
11825
11475
4475
4430
8051
5593
11947
15443
6996
12326
2371
13054
4142
6420
2391
4144
3424
12337
4147
4149
6385
4359
11094
4150
9924
7011
4156
13584
4158
5874
10264
5666
6727
15277
3385
3078
4169
4724
17113
3137
14919
14920
14921
14922
14925
14928
14930
14931
14932
14933
4197
14446
13426
10347
4234
11915
10099
10426
5578
8969
13096
13145
4179
8558
4467
7547
8616
8620
4546
11212
14924
5796
10742
8701
10750
4180
4182
6748
4200
4211
12411
11658
11756
5781
5818
4225
5820
4226
7512
5478
8648
4227
2506
4229
16141
8262
13857
4233
12441
4250
2518
2519
4268
4269
49
11073
4279
2530
4896
2583
4280
4682
8029
3715
13596
12475
9663
6994
4303
8828
7079
8608
12505
12514
693
4351
8408
17124
1883
10077
11766
4360
12553
12555
5843
17629
4877
7371
4371
4372
12570
5794
4410
4388
2594
12587
8875
5883
12853
4953
4406
12599
8507
8847
4422
9843
6415
2
5131
5700
4449
4881
4114
10206
3102
5771
7604
8772
3298
4083
4433
9726
5989
12969
14392
6724
10127
7102
12644
12645
2663
4463
4464
12662
4472
2685
5015
7726
14440
7971
8579
4499
4691
2704
5589
5588
2709
4725
8976
12665
4476
2717
4081
12672
9139
4469
7684
8859
11444
11958
11960
11963
9407
11959
11961
11962
9318
4485
12684
3947
2729
4495
14030
4502
13355
14940
7220
11334
14945
14926
14927
14937
495
12702
12897
4512
14950
3
1163
8050
12725
9859
3226
3465
13764
3744
7868
14923
12728
17771
6932
13086
12729
3367
11678
13155
12731
12710
3487
9033
12960
10699
10190
4589
4547
4334
13241
5628
4846
8731
4628
17660
271
13855
7285
4558
2924
1137
11477
16120
6929
10514
8988
7470
50
11684
12767
4577
16261
12770
4535
12169
12784
3476
12789
4601
12973
12806
12813
406
12822
665
12826
2767
4637
4638
9970
2770
6593
15793
8238
4663
4665
4673
12867
11465
4677
9728
11822
9795
13668
5326
12502
12506
4686
11813
12880
13014
4636
14097
16167
3146
4704
6500
4967
13688
3875
16251
12914
4726
12158
13255
12279
4732
6226
4739
8110
8126
6987
16114
5278
8624
7874
8135
11286
4946
11553
807
4175
10841
9705
17960
6689
11872
5242
10117
10154
12950
3430
9524
9690
8053
12952
8794
7193
6131
7235
10358
12955
4137
12517
9854
7361
8464
8880
11488
12961
2824
8650
4133
5545
299
4772
13025
8715
2835
2836
6818
17650
7346
8631
16708
11470
10088
10257
9804
5243
9961
10194
10071
0
9800
15340
7687
3074
6188
4445
4669
4777
3120
3779
4781
4784
4986
2858
10356
13000
3338
17746
16679
11602
6710
3034
13004
5766
11440
11596
8634
16521
13013
5265
48
10013
5000
947
4829
6205
3644
12287
7908
2900
6377
7148
2905
13783
1470
11449
7004
13037
4378
12716
2918
5453
5740
12147
7843
629
4860
4869
2935
6294
2942
17831
4749
4824
2958
3263
6587
2967
16715
8922
10992
17663
5688
5691
5987
3567
4875
2981
4080
4889
3545
9008
4903
4904
4919
5069
4560
3007
6002
3013
10304
3018
3807
4929
3024
3026
4065
3029
5158
5245
10898
5525
11778
3233
1872
4940
13136
9928
17733
13137
4948
6196
16602
10953
3077
7623
13285
17734
7233
3089
3091
4951
3605
10963
11661
8352
4823
11662
11763
3219
3103
9472
404
10526
3105
12679
3109
4964
10353
13157
3124
10807
5736
4969
13168
9454
12328
987
13195
13198
5007
5011
6616
5014
7674
5018
13212
13218
354
13223
3495
13659
3129
10928
5036
4325
3132
10156
3136
3138
3139
3141
3145
11715
3151
3157
6525
3159
3164
5895
13234
5049
13243
13244
9478
11614
11428
3172
5555
3176
3722
4963
7605
6951
3195
7989
7446
3200
10400
5063
7049
8017
8018
3220
5070
3228
3230
11604
6572
7054
6743
6426
3253
17641
3623
5077
3259
3265
3267
5867
9877
5078
8552
3276
13271
17036
3283
5081
3288
15523
3366
13284
5095
5098
8542
13292
3318
6831
7387
13871
13293
13295
6432
7133
3857
3333
17711
5110
3337
3339
11456
3347
3352
3353
5111
12453
16370
5120
8442
8318
3365
3368
7952
8223
11575
3377
5121
9950
10849
15724
8658
5127
13656
9371
6835
5129
14964
5138
5139
13333
4074
3708
13334
3415
14290
10565
6775
3428
3432
7671
3443
3446
6095
10809
3460
4651
13339
8717
10416
5159
13352
11731
12323
6796
3504
5167
10481
13360
5181
5172
5173
5569
3522
3523
3532
12267
3537
9644
7095
13367
5182
6376
9965
5190
13383
13388
7409
5200
5202
5210
8189
6501
2549
13412
5010
5221
3590
13892
5430
6181
3614
6905
3615
3620
3621
3629
7683
3634
12370
16742
14612
10945
10700
10152
3646
6098
4734
7594
7596
3657
4
3658
5235
10539
13679
5238
11550
8004
6251
13431
5035
13434
8680
13885
16560
15283
736
13578
9703
15307
5254
4135
5258
13466
5882
12842
5275
3696
4543
8425
16449
5297
5299
5303
17675
7861
17635
5
10520
11758
11745
11603
6933
3974
3714
8789
7696
5676
4104
691
8889
7780
8825
5348
5797
3750
5308
5350
13344
9083
8996
12511
1748
16617
5361
13111
8040
8510
10119
5366
4539
12874
11312
10186
11227
8868
9505
10735
11432
3723
13559
408
17679
5372
5374
9539
8414
13575
4613
3749
6396
3754
867
136
5400
10469
6659
5403
5404
9737
9767
8755
6292
7325
9670
9695
3631
9724
5427
16544
4478
8474
7111
15503
15436
10717
5729
15467
3776
6387
16437
5432
5433
11804
8630
11344
13626
11467
8481
11471
11469
5257
11478
11095
4452
8553
13638
5452
12668
8439
10407
6039
5457
5459
4391
5460
8088
13653
5465
8039
5467
6105
5468
5472
7116
5475
6678
9836
2852
9837
10225
3808
6454
17146
11530
7423
8356
16118
7634
5484
5488
352
4157
10105
5012
4148
5495
13038
5497
10122
5499
8484
6964
17128
7729
10271
5503
5516
5519
5237
13716
5527
5528
9057
7270
5533
6762
5859
5535
17699
5536
5657
15533
7357
14342
14354
5543
5192
5557
11895
12512
5435
5565
5570
5572
8525
10090
414
10097
6
3871
6393
7447
8881
5598
16549
5041
5599
4064
7894
388
9640
4534
7670
10322
9995
10058
6699
5604
9403
6504
13622
8066
5606
11572
5616
8391
10367
5620
5623
5630
17611
4815
4308
5641
13228
3902
5654
17642
9991
8113
9990
5656
4528
390
12449
12347
5660
11049
4408
3924
8162
3930
5665
9555
13861
12303
7765
10431
5679
12047
5686
5698
5028
5026
5702
3949
5941
8974
8547
5713
7
17682
5717
6852
107
5730
5327
7366
5741
8354
11975
12142
13194
9805
5744
17780
10473
8984
8149
10342
5755
17717
6536
8400
8139
12120
7699
8320
7219
7477
4782
14322
8927
13951
4924
12797
9143
4177
7966
13674
13958
13252
5769
6639
14655
6228
14858
8636
9339
13964
5773
4972
8933
5775
12666
12059
11040
10697
10719
12030
7473
6464
7425
17351
5793
8100
5104
5799
7540
7010
5809
5812
5813
5814
7405
8713
5817
5821
14059
12541
8981
14168
13199
23
5831
12186
6679
12189
7590
16386
5240
5855
12228
4141
5857
5860
14057
5868
15085
5877
5878
5880
5455
4188
4189
4191
17612
8252
10986
4203
4387
9876
9292
12958
5881
89
12804
4223
4228
11685
4231
4232
4236
4237
5306
4239
6590
4242
17668
9712
6259
10733
15279
4264
7857
5907
4275
7675
5912
5915
7311
6297
6816
12081
511
384
5923
16005
17081
5928
5937
5938
12173
5089
5944
7543
4291
5945
14296
5947
14984
5952
7993
3716
9727
14154
9735
5967
986
4415
6245
6246
4608
12161
6494
4318
5336
5971
10603
4326
4332
5974
10278
8761
11323
12515
14170
16567
7522
1566
5993
8797
14187
8805
6001
14201
6274
6012
8455
9068
10896
6020
14999
7915
6027
6031
6033
6036
6037
6042
6053
6058
6060
16556
6064
6066
10418
6068
14264
6094
16569
12988
6099
6100
6137
6140
6147
14347
137
14351
6162
6163
9302
6173
6179
7407
6185
14386
6199
12564
16156
8479
6200
14141
6207
6211
4429
13646
9054
2571
6230
6511
5958
6156
6237
428
14433
15241
6253
4510
5541
6254
10151
1808
1
15295
14450
8656
3603
6261
8161
12965
6269
8697
8700
4338
7332
14790
14644
9089
6270
4364
14478
6295
17709
13928
4375
4376
1044
4379
6309
6817
4397
4401
7128
4404
4650
3478
6569
16117
2725
8672
4974
10923
4552
12906
4621
10159
9911
6323
17156
6685
283
6596
6347
9813
8227
10909
6351
7897
4124
3997
7243
4441
14559
9880
10251
6813
7055
158
6381
6382
4836
7083
7337
6505
7191
6388
17632
13447
10706
6194
4483
6390
8668
7688
6399
7689
2207
17727
11460
6409
6410
7170
6425
6427
14626
6436
14631
6462
6480
3810
6487
6490
1081
14738
6515
6517
6521
6523
7608
16105
6533
6543
6544
6546
6548
6549
2592
2849
4818
12929
6988
11255
5836
4540
6190
5134
8769
10942
3874
14762
6575
163
10950
10954
10951
6591
10498
10045
10955
9154
14784
14404
6610
4559
14804
3832
2853
11107
806
6628
1104
6635
6826
1933
14831
6092
17107
17108
8127
7441
8864
11574
4989
6646
6651
6653
6461
7805
4622
4623
14863
14866
4633
6682
6697
14894
4859
10878
14906
6717
8532
11153
14929
6750
14946
11580
6469
9696
6759
12573
17845
15732
14954
7349
7877
4689
10838
4692
6766
12265
4697
4700
14963
6776
7147
14974
13945
8501
14976
14586
6785
5940
6789
9326
4738
16927
14657
7974
2253
6793
7036
6428
4805
4750
4751
4752
11671
6823
1952
16333
16231
4944
4945
7600
6830
10009
6853
4780
12657
4785
6855
9285
9297
6856
13430
6861
8182
6865
6869
7889
6872
6896
13450
6902
1970
6669
2715
5872
6910
171
4827
4828
6939
690
6948
6963
4841
6975
6973
4838
10723
4847
7272
9739
7002
15200
8451
8629
7457
7029
8893
15232
15234
5942
11510
4895
5767
7045
6183
7050
7056
7666
7226
4917
7066
7068
300
7104
7106
12107
7117
7137
7154
7090
15364
15369
7832
9793
11637
7178
15374
4950
7214
15377
12762
7186
4970
16718
5562
15381
16709
6526
6283
7883
15382
6841
8653
10337
5017
5019
17589
15130
5021
7723
7315
15402
5034
7221
434
7237
7238
7241
13328
7254
5072
5074
7261
7263
7287
7289
15485
7295
5611
7751
5116
7303
564
7313
694
10600
5146
10355
7328
13112
7329
7345
5165
183
568
15548
7368
5328
7369
7374
12957
11184
8381
7739
12781
7379
7383
7394
4409
5225
6085
10793
16369
10163
7421
5260
16125
7422
8267
7426
6450
8489
11796
10111
15622
4155
7648
15631
7442
8688
7557
6267
5343
5345
5346
5347
5339
5342
5329
5332
5333
5334
5338
5335
5341
7452
7453
10470
9893
7132
15218
11521
7458
5376
11279
7462
7463
7468
7481
9
9440
7501
7505
7517
7523
7531
9396
8931
13542
9450
10006
12585
2624
12681
7563
7565
15761
6786
10980
5421
6288
5422
7572
15094
13163
11952
8599
14330
8171
8686
5443
7587
5635
5649
445
10038
5896
5752
2484
2879
15784
6668
5680
5678
6848
5951
15786
6057
5574
2805
9055
5936
3015
16367
7597
5498
5501
15790
5504
14349
54
3275
5602
7601
5513
15794
5524
5770
5981
673
13617
77
5559
5651
5805
15797
5563
1612
12737
11450
11208
11686
11688
55
5605
10676
15800
850
5631
7508
3797
10825
5645
5646
4438
10183
15806
5668
87
5783
5677
8013
5695
5709
15808
10224
8584
10277
11718
601
3854
8218
9131
5211
15812
5738
17697
8049
15813
15814
9870
5782
5853
5786
5788
11448
15816
1375
15016
9117
9976
4125
15820
15821
7019
5848
13758
10255
869
7631
870
7633
15826
15827
103
4202
12399
5863
749
13499
12970
9966
9996
7626
15832
231
9405
8301
7761
5909
5910
5911
3837
2037
5922
119
15837
700
14581
1452
13171
11776
7486
15839
3833
8870
5995
15841
2427
1917
17163
148
8
1408
7376
7628
10538
2178
11728
2324
15849
15850
15851
7660
5655
11330
10005
10004
13685
14287
6773
14062
6081
6082
6083
6654
7662
6090
4888
7302
16492
14283
6330
7665
430
6468
6299
15860
8901
6133
6132
4639
8075
3872
2630
6169
14506
7218
7672
6260
15865
6204
10017
7503
6189
8848
3244
6886
7940
7941
9845
5550
4151
6252
1976
6342
15303
10230
6282
9273
10936
7490
7489
17684
59
393
8256
6819
15873
15874
15875
6325
61
1086
64
5992
68
17803
7834
69
15881
70
15883
8478
15884
6383
7445
8449
6577
7064
5579
6735
14669
5454
3158
15888
5461
7698
6423
8790
8793
475
476
6434
3805
10320
11445
8975
7278
15895
3551
6778
4610
613
13921
6560
8209
60
8177
3442
2035
6478
16681
9913
3190
62
123
15907
8033
8034
3839
6518
7977
13
17796
7718
7878
7205
537
8886
12096
6542
8364
11939
16219
4647
1587
5689
6723
15428
13384
9111
75
353
9359
11795
12205
439
11196
6617
6962
1138
8065
6618
8821
9853
131
7733
4121
14227
6638
7431
3236
6915
5289
8106
684
6870
6701
14942
8440
8052
5808
9511
4276
15275
184
6729
6738
7865
7692
8682
11824
9918
6768
7438
4811
6974
13480
6815
7999
7996
3286
3801
15354
7746
8158
8923
733
9694
5353
3322
764
15945
255
7755
15948
6868
7211
6873
261
7758
8459
13240
16218
7760
7112
7255
7831
4878
6954
15532
17706
7896
6969
2832
6993
792
8710
7020
7348
282
6433
803
10249
15959
3877
7763
7051
7769
7450
7498
7986
3892
8853
3898
15965
5960
6995
852
10070
7778
7779
15972
15707
15974
7519
6497
14868
11305
7091
1389
11098
5493
8568
1915
4991
7044
7566
5485
15985
12673
7113
9891
10561
15267
7614
7592
7123
15986
7139
4023
3513
7797
12334
7158
12221
9672
7582
9831
9834
7800
15993
3022
7187
5961
4048
3028
470
7195
15998
2524
5157
16000
12775
7207
7216
11253
10
11
7244
7813
2060
14
536
13119
7326
8596
10300
7818
10677
7340
7341
6074
16012
558
826
4413
16016
7391
7395
12868
13239
15332
705
11259
8141
4930
2755
7828
3272
7830
8186
7433
9774
6233
603
8097
8096
9463
10393
6238
4115
6152
16027
16028
12936
5474
16030
2817
12841
10795
13151
16032
12523
374
12275
1017
17
16036
16037
12
4493
7609
659
17729
6421
3991
15147
1897
7667
7668
1068
8413
11578
57
7725
16047
11534
8895
7771
6586
7871
6594
10216
4683
1102
3907
1999
16054
7860
7862
16055
7864
82
9468
14861
605
7930
7937
364
11389
7869
365
3447
7976
1021
3140
16066
6052
11161
6143
16281
11048
16823
16211
824
17715
16071
17779
8022
14199
16666
16667
2743
1688
1655
8044
12493
16462
8911
8054
8055
8074
6234
8929
8775
9916
15
281
8146
12052
10385
8165
9268
769
1026
13671
643
4612
10754
10756
1157
8719
8297
8646
8673
10737
10739
10740
10741
10743
10744
10745
8384
10747
10748
10749
8207
8363
10532
905
1803
8228
16087
8242
16088
8295
16089
8339
8341
897
16091
8344
26
11552
1038
8361
16327
1807
8379
16
785
914
13050
14961
12705
2963
8212
10325
10883
13881
13305
11912
15492
17736
1056
13588
8512
12226
7913
11047
8575
17649
291
16901
8659
8675
8703
11785
8961
8744
8760
7339
8820
13348
9984
8849
8865
10076
10543
5425
8947
4117
8954
9003
9005
9006
10315
9021
7928
9065
7939
9137
15479
10711
12246
17201
7954
7960
7968
7969
12251
9299
7984
12146
8016
12119
8037
8056
8101
9397
9907
8116
15439
8118
11105
9410
9415
13317
9459
8124
12073
8137
9660
8164
10451
14580
11598
8166
11740
182
11743
8188
11748
11751
1666
185
11755
11757
698
9768
3175
9685
9719
3648
2608
2609
6822
1849
194
1986
2372
2381
6612
16348
5290
2659
1896
1809
19
10865
10102
5890
772
4037
5765
1542
11673
10372
9939
9942
7568
12360
3064
10032
10134
6038
10135
10136
10141
10139
10140
2501
5980
12738
5979
13691
7870
10002
5055
10113
12117
10039
10042
2754
13467
1476
197
5747
10492
13224
12664
12444
12109
16292
10128
10779
467
2936
4187
10171
10177
3292
11589
11593
5850
227
1895
12418
1387
6005
10274
6007
5587
3908
10449
11599
10545
4006
4295
1106
10575
12494
10768
9088
4747
10794
12542
13207
2833
4660
6298
11060
708
21
11363
11532
874
22
591
12365
11524
5296
13077
758
6937
17037
12298
6990
5295
13104
3762
248
11579
11605
11608
13311
12677
13062
699
12814
5137
12292
11783
6146
12100
3757
16407
14832
29
11953
1054
4127
12327
1057
3106
12028
12069
35
12229
9254
12332
39
7722
15605
7724
13200
14358
5170
563
4670
13376
6721
308
13072
348
17185
9802
5203
7258
2653
13110
13170
13172
13181
608
6744
13437
3687
5226
359
4721
13624
5746
4029
15696
14047
118
14125
6265
9090
5248
130
4885
4745
654
14550
1168
5266
14670
3224
2330
5284
5292
5293
9788
5294
10952
15700
16123
16121
4199
709
189
703
2241
202
2762
3794
215
3803
2269
743
5360
5355
748
238
3823
3824
4849
754
5757
8488
6392
2811
6537
8445
6914
10500
10368
780
2322
4788
9789
2254
3864
294
808
4393
8674
3063
11124
1288
1169
1171
1173
1304
1175
1176
1177
1180
1311
2350
1313
4400
1187
1188
1196
2738
1204
1205
1217
1221
1297
1226
1229
1230
1231
1237
3378
1109
1248
1256
1260
1264
1268
1277
1278
11971
7014
318
835
324
11135
11150
11289
11163
8879
9141
11242
11128
11129
12375
11171
11121
11268
6263
6520
16528
3759
16762
5359
837
3914
9001
10842
14521
8819
10062
13676
7456
8995
4358
4941
14619
12522
3512
10465
13805
3054
12029
7202
8740
4604
6161
7784
15481
3214
9796
10438
3260
10457
6642
7866
10508
3315
11045
6440
5437
3210
13035
14666
2902
3417
14181
14395
4996
12687
7574
8689
2995
12764
3043
10736
13299
13139
11320
3166
8852
13261
8839
3394
9022
11186
10022
3659
8861
14108
8718
851
8943
10513
11840
11077
8792
12211
2937
13435
5056
11308
11209
3927
5130
3418
7652
4447
4448
871
7323
3946
1903
8023
4465
2934
4544
2976
10324
15258
11149
12608
10101
11486
3694
11284
11358
4960
16522
10983
13010
10317
14119
3218
3053
2972
9009
11064
9056
17825
2971
3529
10178
13650
9016
14492
9067
8253
10391
4097
14562
10478
10507
12582
12697
12720
8649
10734
8691
8704
8748
17024
12027
13208
13209
3010
3056
3182
3232
3238
3241
3317
11908
13590
3351
3439
3482
13790
3589
3656
7821
13250
3734
11990
7032
1193
11155
14106
6888
3134
379
1404
14816
10401
13570
12236
10710
3552
13811
9785
1178
1179
1182
1183
1185
1186
1194
1195
1197
4500
4480
12540
1172
3553
1170
5866
1201
80
1203
9963
1417
1209
1210
1211
1213
1214
1421
1216
1218
1219
1220
1110
1224
1225
10130
1228
10132
11112
11207
11103
11273
3117
10823
6345
12121
17837
7388
7838
11126
10168
8094
10765
2831
11137
12557
12406
15497
13961
10893
3240
4848
12190
9430
9948
13775
8973
8641
3900
8986
10114
15230
12524
8092
8351
12108
10708
12281
425
11362
14872
6026
11145
6863
8638
8657
11101
1349
11099
11102
15268
15269
11228
2956
9049
11272
10247
12405
14646
4529
8782
13001
15082
3203
9025
11174
13280
13349
14527
13649
4013
13298
3698
14641
8860
11175
4015
12320
7088
7096
6585
14397
220
10167
10488
14591
8465
5566
8681
10760
14870
10901
15001
10351
11046
13106
15217
13216
15323
15324
15325
11280
17806
4034
13538
11535
8753
1475
5282
3505
11797
9782
13902
9810
11873
4907
1995
12260
12947
10172
460
244
4561
10182
10184
10187
2002
12240
12255
6112
8172
1491
6938
16670
3032
7641
9445
8678
3017
3395
3917
3935
3948
3950
3920
8014
6499
14411
12387
14011
6406
16713
16716
8045
14215
13925
17145
11249
11109
10885
8535
9777
8844
9428
8957
11195
15299
8802
8930
11090
11141
11147
11096
6363
11115
11122
17143
11216
11165
11250
11277
10792
10800
3126
10813
10814
5084
16536
8876
3284
11518
11229
9536
3404
8537
10079
11104
3649
11214
12787
11140
10773
10821
3330
8972
9000
6308
11317
8163
11612
2997
12284
10214
4347
494
10884
17616
8915
3741
3326
10887
11065
2545
2996
10899
5420
12114
10226
1011
17661
507
24
962
15021
14473
9419
9420
8924
9422
15585
11492
3295
8698
7703
6329
2780
7794
5428
3042
3387
16484
5057
11585
14777
11260
11820
8934
14020
8423
3968
8690
10223
12204
13332
8743
11383
8810
13476
13603
17346
13296
12795
8890
5990
4882
7209
6589
5215
8714
10701
9423
9421
4794
4305
13094
7467
15297
4061
12779
6805
9486
12832
13345
9809
11350
11379
10871
11407
11424
11427
15612
15618
10029
1131
15681
12632
16387
16388
5270
278
27
5444
1695
9253
12272
12273
12274
14590
3595
1073
8427
4176
4186
7829
312
3350
4597
3206
11116
10340
11193
13128
16963
4753
17197
15304
74
15759
5464
2271
3701
4746
15128
4314
4317
4319
5424
1262
7686
5832
760
9495
9496
4270
368
435
372
759
9503
2158
5149
9507
9508
9509
28
206
9513
9514
783
6225
216
953
9519
9520
4095
9525
9526
9527
9528
1536
2563
9732
4620
6159
528
1041
9538
531
5140
9749
9753
30
9547
7712
5154
9763
6576
9553
6696
9557
4649
9559
9771
3628
9562
4653
6138
2950
1117
2614
9569
7903
7230
4106
7776
6734
594
2646
9581
7257
1116
3677
3678
2655
3680
7266
5648
5224
15334
1134
113
616
1656
2169
8315
124
1043
7806
641
642
4800
1671
4744
11542
139
961
141
7312
16473
6293
8343
7875
153
2714
6303
1698
8358
242
2746
704
195
211
9631
6093
214
9431
9637
4315
9436
7593
223
737
15695
11237
5858
11802
4625
9656
13593
10091
11181
11081
11239
11118
9027
10203
6371
742
13265
10721
16124
7943
3818
7071
9118
9119
9120
7404
237
6384
756
689
9123
7466
2295
10729
10730
8960
13858
8311
3427
3459
7039
1300
11562
11563
3243
9709
14237
15546
6460
16459
116
4367
16458
16461
6862
8533
12561
13167
3860
3800
8457
4481
2840
4864
11168
11113
11182
9458
8945
7400
5277
14909
14910
11142
11162
11291
4891
10910
3348
1825
11561
298
16432
3019
2808
7782
17028
2968
14239
11083
1836
15507
15508
10692
1786
10428
11566
8010
1189
891
304
2865
1842
1236
4915
1239
5946
1241
6280
5436
1246
4831
1250
1251
1252
1253
1254
2243
2887
4937
11569
1800
3405
1269
339
6997
343
1274
6492
9609
1279
3936
6496
1283
2914
7526
3944
362
1290
1291
1292
3952
1294
1295
3441
7027
6516
11570
6021
1303
1306
1307
1308
1309
6534
2951
8858
3977
3980
4395
9031
9032
6034
4453
16398
5144
10982
2456
8836
14854
7781
6248
16697
8515
4454
8664
8840
12064
8317
9002
4249
9321
9324
9325
10467
4003
3499
9416
3500
668
9018
12854
16490
9433
9807
7775
12197
14271
431
3591
8747
8529
432
7607
9097
5560
12234
12235
954
3009
4549
13595
14251
11236
10678
12489
8724
8883
8679
9646
11074
6089
3725
9674
16903
8756
8766
16990
10339
13343
15049
17167
17168
17170
17173
17174
3533
6606
17186
10049
13217
8702
10987
2511
11331
11146
17195
11319
11172
11288
8669
9682
14410
3031
6108
11406
15178
13487
990
6901
13080
6624
4602
1323
6630
1002
9708
2541
1520
12093
1342
1009
9716
6134
3923
12597
1530
4092
7756
142
176
177
12624
178
179
180
181
186
188
190
191
10988
15373
10092
628
12776
15185
10326
7785
7509
9650
8736
8764
8898
9099
13438
14361
11979
13275
6262
31
16215
16214
16213
13415
9639
11154
7060
3332
1023
32
3423
14857
13594
1377
6502
10759
7745
11139
11111
11100
17881
3745
16760
11159
13093
14867
1024
5395
17584
8918
11416
7528
391
11114
13116
114
12499
949
2969
7038
3867
10777
33
4355
7529
4634
36
3208
5193
3681
3960
2562
7223
4221
3608
11821
3602
6686
11084
11234
16493
17352
11123
9945
17409
17410
17411
17412
17413
17408
17415
17416
17417
17418
17419
17423
17424
17426
17427
17428
17429
17430
17431
17432
17433
17434
17435
17436
17437
17438
17439
17440
17441
17442
17443
17444
17407
17446
17447
17448
17449
17414
17451
17452
17453
17454
17455
17456
17457
17458
17460
17461
17462
17463
4664
17465
17466
17467
17468
17469
17470
17472
17473
17474
17475
17476
17477
17479
17480
17481
17482
11339
17485
17486
17487
17488
17489
17490
17421
17493
17494
17496
17491
17499
15452
17501
17502
17503
17504
17505
17507
17508
17509
17510
17511
11368
17513
17514
17425
17518
17519
17520
17521
17522
17523
17524
1058
41
17495
42
1074
2105
17258
7856
85
17498
17464
17359
4321
17445
17483
17450
17500
2650
17459
16223
17255
17384
17471
16328
16789
16798
17478
17394
17395
17506
17484
17360
17361
17362
17363
17364
17365
17366
17367
17368
17369
17370
17371
17372
17373
17374
17375
17376
17378
17379
17380
17381
17383
17385
17386
17387
17388
17389
17390
17391
17392
17393
17397
17398
17399
17400
17401
17402
17403
17404
17405
17492
16530
14898
9323
1132
6784
11087
14007
4718
17121
7015
14794
10715
15187
3001
11327
11089
10808
14174
16421
15735
5239
11911
9645
13919
15499
12977
9455
14248
10675
17422
17420
14606
8480
17396
14907
17497
2179
649
17512
5789
17377
17382
17406
12721
17569
5008
5009
4787
15052
10366
14501
3765
8376
10512
8473
10778
15007
15008
15022
15028
15029
15033
15034
15046
8896
11973
10957
15054
15055
8916
11345
9331
13850
3245
13512
13788
11857
11965
12009
12930
12077
12078
10055
14188
12162
12165
12208
12325
715
17129
15264
3144
11138
5228
8545
5231
14733
16783
10273
12353
12354
14438
15075
10394
15073
8540
15024
15031
15032
3274
15063
13515
10959
1063
2267
3806
15074
2933
11276
3086
11930
13984
15079
10037
15064
12163
14241
3816
14318
15293
10243
12368
4243
8350
13075
16112
13357
3665
12007
2803
13159
3191
12450
10702
11540
12063
1787
5373
9482
12611
279
13456
2921
10525
10016
3508
13251
13016
15527
14729
11183
11125
11267
12344
14401
15042
14509
10025
12565
11313
12650
12685
14751
810
15092
12735
4407
15091
12946
15027
15025
8887
14110
8894
3913
15078
5466
1887
15083
8941
5473
12131
15089
1022
10396
15038
17602
10790
12878
3587
13915
13891
7885
14088
896
13327
16401
10265
3445
375
3993
4505
15454
416
13896
1953
1456
15456
3570
12909
8814
3006
3541
11405
10712
988
11044
8009
11082
14650
6110
6626
5608
2028
15765
37
38
313
4282
8258
6339
165
3815
6029
6223
8103
1658
14542
1851
101
9301
11009
3610
544
40
554
93
5046
2107
16828
1087
65
240
79
10833
3257
3258
100
5905
3691
8964
11238
11257
13863
11355
3237
12492
16285
2845
4210
10408
9330
3255
15570
10720
9467
12373
8304
8477
957
13547
3638
11401
17177
11419
1141
12339
15005
11110
6984
3709
6854
7949
657
3736
5785
9142
2099
11093
7358
10920
3264
3371
8043
8564
9136
10299
9370
7752
9940
4192
15035
5281
15037
674
1866
8872
9941
8952
13604
3496
11302
6829
8878
2227
7863
1722
8645
8785
15006
14362
3308
13605
3448
3633
11841
3717
11194
8456
11205
11235
8556
11178
10571
11088
11244
11127
16361
12008
9066
8705
2768
4042
16605
10313
14449
10357
16606
10024
10034
8520
11985
9762
3098
10231
10232
10824
1747
3262
11075
7274
7471
14038
7460
4727
6622
1827
7787
880
8134
4206
7420
8551
10272
8829
11117
7308
10521
8811
6506
11119
4244
13312
225
15023
12321
7542
8799
15009
739
14572
6373
12876
11398
15013
12422
8571
15018
12356
8908
10685
10998
12962
8726
10789
8749
10828
10829
13601
8841
3814
3817
12417
10802
2947
3821
13302
3075
13346
11981
12821
13874
9411
13066
9487
3359
12166
3383
12660
8806
13683
3472
3474
3569
3822
751
13909
3735
14604
12070
12113
11240
12338
14213
12187
14113
241
15058
9460
1783
14323
15240
12483
14429
761
13417
10869
12996
10415
12661
13005
13527
9476
13070
13640
9978
2819
16722
3849
12042
2991
12563
11022
4058
108
11158
15773
7982
3309
2875
3329
1184
1190
1191
1192
11360
1324
3390
3909
3398
2888
16204
2894
16241
1374
11616
1890
4109
16236
17710
6704
15727
1336
881
1338
1394
4982
1344
1345
1346
376
1913
13204
383
1354
319
1341
9368
10310
1350
3407
11160
11177
2876
4587
9101
2960
1362
5869
925
5023
5542
3910
16433
8660
8348
4572
13655
14204
3747
15569
14578
13618
14732
9475
11192
16517
12015
13071
15662
2975
243
3912
11703
8639
3520
11201
4853
11720
459
13692
12171
471
3039
5199
17162
7162
15560
15210
11185
13609
9077
13702
3273
486
2027
8684
8173
7151
15105
15306
7464
7461
7465
3457
11058
10235
3071
11062
10726
7264
1388
16595
16596
7955
11231
4238
3194
11369
11215
8665
3251
10433
3340
9412
4482
2736
8257
340
11108
11091
11221
11204
3925
7796
17882
10506
11179
12792
7515
9473
8461
3493
11307
9641
7108
9439
9438
254
8909
11361
43
4086
3429
14614
44
9883
12519
10530
1898
12115
6604
14613
11143
10499
10354
3666
10270
4484
13792
14246
13904
11304
7573
15346
10718
6931
1673
1564
2190
4802
5013
9878
3739
9885
9886
4541
9888
16747
1441
5539
4517
424
46
9887
16754
3266
4936
5456
1494
6119
3399
3403
8711
8728
4474
11439
599
1496
6777
2410
5232
8527
12606
11152
2678
8576
8300
11206
12843
11408
8518
8936
16538
11536
16597
16604
3342
3040
8833
1529
8373
7062
2201
1531
2734
2940
2944
2964
3005
3112
3242
3247
3285
3316
3349
3408
3420
3435
3436
3444
3475
3477
3501
3502
3506
3560
3582
3663
3668
4072
4073
4090
4113
4181
4183
4340
4392
4439
4578
4679
4740
4943
4955
5082
6155
6201
6240
6322
8574
7888
9790
6595
6602
6648
6709
6774
6804
4196
7007
7041
7121
7138
4776
7267
7281
7286
7330
7418
7478
7479
7533
11722
7728
7172
6291
7858
5613
150
8750
7985
7987
8015
6430
2978
686
8371
8418
4798
8541
2239
8577
8582
578
8617
8633
8694
8695
8699
8751
8768
8786
8800
8803
8813
8822
8845
8855
8871
8882
8885
8897
8900
8902
8912
8914
8921
8926
8932
8939
8942
8965
8977
8978
8991
8994
9011
9013
9026
9045
9046
9050
8773
9070
9071
9075
9210
9387
9390
9429
9435
9441
9442
9448
9466
9470
9666
9806
7389
10703
10011
4845
10100
11632
8192
10199
10205
10250
10258
10343
10344
10346
10349
10361
10370
2422
3979
5004
12817
11543
1955
8199
17093
10397
10399
10404
10406
10411
10412
10413
10417
10424
10427
10450
4684
212
10464
10476
4693
10480
10483
7640
10489
12639
612
10495
4069
10509
10510
6121
14331
10517
1624
10522
10523
421
10528
1703
10542
386
403
10554
1715
51
10559
10560
10564
10569
10570
10599
317
10680
10681
10682
10686
10689
10696
10705
10709
4607
10731
10732
10758
10771
10772
10776
10782
10786
10791
10799
10801
10822
10826
10827
10830
10843
10844
1065
4399
18
10859
10860
10862
10866
10867
10873
10875
20
10892
10894
10895
10900
10902
10903
10904
10906
52
10919
10922
6808
10958
10999
11053
1855
11092
11157
11169
11176
11189
11199
11218
11232
11233
11241
11263
11271
11287
11294
11300
11309
11311
11318
11325
11332
11336
11338
11341
11342
11343
11346
11365
11374
11376
11380
11386
11387
11388
11396
11397
11411
11414
11417
11418
11422
11423
11426
11452
53
7455
11489
11519
11520
11522
11592
11594
11597
11600
11601
11606
11607
11610
11611
841
6125
11817
11818
15310
11826
6673
11832
6674
7224
1400
2299
12393
1623
3093
8627
1088
9283
2657
625
2173
7812
655
5136
3756
3791
4817
7397
745
746
2769
9980
11527
264
1752
8487
307
3412
346
5470
5491
10019
6889
8214
6017
2952
2953
3984
405
922
5022
4526
11891
4527
4020
11894
4001
973
4172
463
3549
4575
12769
4067
1020
11905
6658
7174
14346
4120
8230
4140
559
560
3639
56
11329
7234
11925
5201
3163
10338
11931
7795
5253
1158
8221
5261
2706
2718
7343
11974
11976
4273
6834
696
11983
4804
11987
11988
17099
2337
12004
12016
218
17631
12019
12022
12026
12032
7035
12035
12037
1257
12060
3831
5371
2816
12066
4357
3336
5900
12075
3858
3859
3863
2949
34
325
1862
3402
1884
12091
862
4455
4979
7034
381
382
12106
389
12111
2970
5531
932
429
2481
5044
15300
2504
4571
12130
10204
5094
510
3090
5558
1881
1151
1535
1923
10125
9365
12148
2211
6598
12152
12153
12155
939
942
12159
1459
13492
2233
4105
1085
5826
6214
12179
4296
12181
4434
9400
12188
12191
4921
992
12195
12196
9313
8167
12203
8232
12210
765
12214
12217
9286
1406
9642
2055
8203
6700
8917
4164
523
9293
12258
12276
12278
12282
12283
12286
12291
12294
12295
12300
12313
12314
597
12335
86
12340
12343
109
4722
5750
12351
1728
12355
3669
11713
12363
3727
2708
12407
351
1691
12410
8349
12413
201
3278
802
12420
2259
6874
12426
12427
3876
12431
12432
12434
12005
12436
2793
9975
5331
12443
262
12446
5897
12448
8458
272
5762
5908
12460
12461
12463
12464
1815
11652
6446
2864
12471
8499
12474
2361
4426
12478
12479
2379
2380
863
11655
4450
11621
7031
12490
12491
11640
11647
1412
5184
12504
2439
12509
12513
5006
12518
2448
11672
12526
3992
7580
12530
8452
7076
12535
12536
4005
12539
4521
6726
4011
12547
12548
5554
960
7105
1988
730
4045
11726
12560
12562
11729
12569
11732
12572
718
4060
3051
12578
12579
12580
5100
12584
7507
11712
3967
12590
777
12594
9100
12596
12598
12601
12602
12603
7065
12605
12607
12609
5673
66
67
3546
1512
14893
3645
13377
12622
9937
485
12626
12627
1482
2648
8201
8202
9404
12638
12640
45
47
329
3115
5071
3588
5824
2262
12658
3470
3753
12667
5551
477
3905
5708
12675
2536
6764
2797
12683
5489
763
12689
12690
12692
12694
12695
14086
16519
12701
444
489
702
12707
9667
12711
9822
9734
9736
3085
9742
12722
685
12726
12727
9758
546
12734
547
8741
12740
12741
12742
12744
1064
9770
3636
8247
7742
5697
4163
3653
3679
8313
5264
2197
11420
6311
12771
12772
4267
12774
12777
12778
2237
12782
205
8312
7393
12794
7399
5363
12799
6389
12801
10280
7948
5398
3865
801
6972
832
4421
2889
12816
12818
12819
7003
3934
2916
357
2409
8047
12834
8048
2931
12840
12844
3963
11842
58
443
12851
12852
12856
12857
6084
9673
6103
12862
12864
9688
12871
9698
8685
12877
12879
9714
12884
9715
9720
6655
4872
522
11790
12249
11675
4825
12898
3121
12900
2229
6198
12904
1625
11509
631
12912
73
12916
12920
6148
12924
12925
1032
6160
9756
8222
5663
9761
5672
5683
4173
3152
12941
1119
3600
12944
12945
1642
7283
360
8211
12956
5768
15506
12972
1174
3227
4252
2206
7849
2223
4126
12985
2238
12987
12989
12990
12991
12992
12993
12994
7881
5322
12998
9427
6875
224
226
13009
13018
4851
3321
13023
4389
13026
5932
302
13030
10031
13032
820
11571
1850
315
13042
5439
7495
13045
13046
13047
6475
6479
13051
3410
7520
8569
13058
2939
13060
898
13064
13065
5507
9625
13073
13074
6557
13078
6558
4522
13088
13090
13091
452
454
13099
13100
13101
13102
1486
13105
9680
13109
13115
9681
7160
13123
6632
6124
6126
7159
504
3066
2730
996
4108
2804
13140
13141
6644
13143
13146
76
8225
13150
5128
11792
13158
4630
13161
13162
1562
7709
3114
1586
63
4165
4166
7265
13178
653
13182
13184
2198
13186
4257
13188
13189
13190
4779
11459
203
13203
551
3829
6924
3360
13213
6452
5943
2356
5440
13222
13225
14659
13664
14195
2437
13235
7100
3012
13238
8353
9718
13246
13247
15263
813
695
9979
4586
13259
17646
1781
1014
13264
9993
13269
5283
8385
6614
721
13277
3882
13279
817
4605
4254
6035
13287
4994
1796
4870
6431
4910
13300
3491
13303
7972
8241
6326
13309
5304
7839
6203
13315
2245
1864
4204
526
13325
2591
4646
3113
13331
1579
8776
1114
71
8329
13342
72
8331
13351
13353
8334
8265
13358
13361
8336
2205
4255
3254
1721
13369
3320
2814
1804
809
812
3388
2899
1677
373
3462
5003
13389
4511
1440
1462
13395
2992
13397
13398
1457
9662
2516
13402
5080
13404
997
13406
13407
1517
497
13413
13414
2552
3065
5117
84
81
83
6858
4585
6164
4983
6909
6401
13436
6402
6403
6145
6286
13445
13446
6304
6562
13451
6312
7476
6467
333
13458
13459
6113
6114
11620
7814
7115
1005
239
5357
2641
3606
4122
13473
11934
13475
8368
1708
13479
8367
13484
13485
13486
13488
13489
13490
13491
1468
4420
2146
2420
8205
2847
7749
16675
7250
9820
9824
13507
8292
618
112
9844
13514
6271
4288
5263
13520
149
6810
13524
196
13528
13529
13985
6313
7338
2732
13536
7538
13541
12469
1395
4046
710
13548
13549
13550
4306
13553
2851
3305
3819
1746
755
5879
17671
1811
7961
1559
88
13568
90
13571
3889
3293
1356
3899
326
13581
8091
3916
6483
883
7544
13592
13597
3964
13600
4479
5001
13607
9098
13610
4492
3985
9106
3995
7073
7378
1958
7080
3497
6062
1472
8133
13629
13630
7622
3020
3025
13635
983
8153
10432
4076
13643
6640
9723
13647
13651
1823
13654
3596
5141
13660
13661
6166
7203
16427
14384
692
14407
96
13678
10374
5269
16672
6349
252
6940
2336
99
10035
2868
13698
4405
680
1853
11609
2400
13705
17763
3438
2941
6527
1963
6063
5191
981
13717
13718
3030
13720
4576
1505
8303
7163
138
6419
1563
2619
91
13733
8284
1778
1951
4588
1644
2735
92
13742
7298
13744
13746
1768
2702
13749
1082
13751
13752
3990
3862
3986
2157
3996
8347
7855
3761
3893
3894
13765
3896
956
10911
3895
11993
13772
13773
478
3828
94
95
7983
10889
13785
13787
16249
6247
9294
13796
13798
97
13800
13801
6911
13803
4132
13807
9903
8025
98
4460
13815
6009
13817
4349
6912
13820
128
8321
3811
4198
8322
4382
13830
10567
13832
13834
17737
13837
13839
17760
6756
13842
13843
132
7009
13846
13847
13851
4995
7402
7063
13856
13859
13860
6579
13865
4102
3710
13868
5642
7185
3099
540
9251
8327
9255
9256
13879
8332
13882
9258
8333
9260
9261
9262
12311
9264
13894
7217
14905
7229
2116
8219
13903
7768
6243
13908
5223
13911
7273
5748
13916
4224
667
7024
679
13927
3752
16668
6319
3954
2246
13937
6344
5833
13941
5834
210
2781
3809
5864
7890
2812
6398
8970
7970
13955
293
828
13960
5949
1860
344
8030
6495
8557
13969
3440
13971
13972
4466
4990
1411
6705
3976
796
6014
4014
2993
437
6582
3518
450
13990
1996
8145
5590
4570
2018
13998
13999
14001
4077
14003
6647
4093
14006
102
7296
14012
8194
8720
8098
5255
4017
3906
1485
8337
104
105
2543
10066
6395
14027
106
8342
7334
14033
750
155
4437
12860
14039
7239
156
14042
5714
5739
5742
14046
3201
3719
9901
1717
14052
11698
6839
8888
3795
14061
2772
2794
14065
1772
7918
1788
4868
2344
843
14074
3926
9573
5998
8559
14079
14081
1397
1414
1433
5537
1449
5546
14092
16346
6069
449
3033
5086
15336
2025
14104
1006
8355
3067
10252
14112
12319
166
6736
8290
7280
10377
2700
2701
151
8644
9402
14129
8380
1740
8652
4642
14135
2774
4854
7927
4368
8476
14144
5407
15148
3891
14148
1847
14152
8517
6983
6028
5477
893
4498
7081
14165
9138
4031
14169
4044
464
9038
9964
5389
14178
14179
14182
11663
4759
14186
3217
5522
4892
11654
11649
2741
3511
14198
3897
14203
14205
14206
14207
172
11224
14210
2137
4729
14214
14216
14217
5216
14219
7408
12316
1981
14224
8372
110
111
944
2999
143
6300
5279
14235
6836
14242
8632
9406
14277
4806
14307
5064
4938
6519
479
14357
14430
14436
14439
14441
14451
14467
14472
14496
14503
14508
14517
14518
14529
14547
14551
14558
14592
14595
14605
14629
14630
14637
14754
480
481
14833
14853
14888
15338
14997
15114
6767
4617
15219
4618
15318
15339
15427
15445
15466
15515
556
1025
274
9747
800
15280
187
15534
5196
722
14820
1000
115
117
1659
15544
6435
720
15549
3416
15551
15552
3453
9668
8816
12103
3632
1402
17636
1053
8078
7579
2289
6386
1574
4661
5354
10303
600
602
8798
1679
4245
4246
5280
192
10926
15583
4980
10439
8483
2783
8314
3878
5362
5368
7427
4373
1831
8526
4152
4975
15599
7028
3458
4997
4489
7057
3519
1984
5085
5088
6645
15613
15614
120
799
900
4709
3943
1910
121
6731
15627
337
15734
6716
122
4161
10890
12808
12869
3720
7786
9676
2195
5207
6687
2088
199
6070
624
636
639
15653
5763
6278
5778
5795
5803
5804
200
2763
2680
8407
228
2291
2294
15670
4348
1794
6411
1806
301
6025
15678
5950
10054
1868
5458
5973
15212
877
6000
1920
6032
5521
6045
15692
1448
6059
15705
6073
16137
16142
16145
16153
11716
8651
16479
16520
5585
16601
4056
338
3060
127
134
2184
946
310
440
7867
3903
6860
3953
125
361
126
258
5637
5512
5595
3918
3035
12533
635
16859
6545
5020
8243
4962
4837
458
2925
204
16923
129
9823
9920
9902
8309
12288
15365
2064
4116
7701
7192
6692
4134
4136
4138
4143
562
565
9797
4685
6077
3189
3702
7293
133
646
10932
3866
5285
3751
168
169
4778
10930
16908
5300
8567
3793
1755
3804
13535
3820
766
7936
16919
269
4652
5251
4146
2877
2878
7135
16930
7510
7511
4440
866
2922
1899
3959
1912
1921
207
3988
8401
4007
4055
984
3037
6625
6116
6634
7156
4862
5381
140
7825
921
1985
9992
6284
4304
4687
4324
3431
16966
10044
10738
3699
10301
1144
11537
1370
8402
2367
4774
5312
2789
135
4934
144
4277
1533
2102
4101
9671
6921
4656
8266
6867
4112
4170
4171
8271
2152
8305
6310
4263
170
8390
6356
10501
10502
4370
287
4385
305
314
4432
8534
14739
6556
4513
4536
2492
448
8643
488
543
17127
8738
17834
2605
561
2622
6552
585
14603
6636
11202
10836
14742
6745
2667
11097
622
14959
16537
14965
2696
8846
14545
8851
4760
10864
682
4797
11130
8904
4813
3193
753
2806
8968
3503
8989
6943
11041
6958
2869
9017
2890
2897
15186
12430
2911
9060
9074
7037
2945
2948
2957
2965
9115
2310
9126
3021
3041
3046
11148
4208
11828
11306
11413
3057
3068
11262
8935
1037
5156
1075
3128
1083
5189
11314
3143
15119
3724
3155
14845
10283
15418
15419
15420
11354
7279
11266
11256
11410
5234
16759
11261
10285
1145
17585
3235
3530
9418
5323
7879
11472
14543
7087
3297
3328
11295
3343
3354
7474
3391
17838
10392
10421
1373
9577
213
16268
8406
3485
6111
9647
14332
9651
1464
9675
17873
14610
10704
11340
9686
4959
9697
7653
7654
11798
8948
11799
11800
10318
14847
14848
14856
11801
3626
14301
9091
6554
10063
2857
9786
3885
3690
2867
10803
5743
1667
1674
5777
11198
10604
3733
3737
3671
17952
3746
1706
3789
5838
3799
5849
14468
1759
3358
9959
5870
3826
15312
14836
7944
10020
10023
10057
9048
16144
1875
5978
8028
3507
5438
6022
7307
217
8179
10143
11324
10149
3270
10228
16330
12259
4316
4075
4084
7173
4328
4329
908
3637
17086
7363
1607
10443
17634
3683
1390
369
899
9069
14727
527
3464
6893
8412
221
8419
3728
3118
8762
14607
5529
12654
11166
11371
8498
11298
4966
233
5431
11501
1571
11085
6531
7702
14454
17137
7040
4009
15488
8443
321
5045
235
4548
4958
11220
11303
6471
17157
969
12386
16205
589
11269
11225
15430
4174
11348
11254
11810
14956
5968
855
4386
2776
11484
6079
989
5091
10319
5988
14356
6907
6352
6510
11281
7558
9461
9464
1150
8428
14902
726
8429
2515
1051
1108
1156
4307
4631
4030
4000
8109
5039
6918
7372
10126
734
145
5145
146
4290
3205
7367
6091
3185
16228
10001
9425
147
2183
8430
2076
1489
1396
2265
2132
5669
5720
4710
1135
9852
3231
4809
6885
3307
7934
2319
827
6986
347
8431
1105
4595
8144
17790
5079
4036
731
152
8436
4491
1817
154
3355
3356
3104
5801
1600
16714
6086
9432
6991
4844
767
245
3461
249
253
6681
3870
12451
10282
4398
14638
670
1859
2884
4557
6903
11356
259
3168
10551
8990
3183
6837
370
157
11957
5119
2305
7988
288
3881
1799
15301
16455
982
10448
350
11170
11106
4078
17164
3571
5496
9082
159
160
161
6208
162
10608
1091
6725
2790
4423
6890
16508
6470
7603
5396
5397
12225
2844
6209
6600
4130
9699
260
1055
2810
8446
4514
164
6445
11443
4742
16278
8962
9658
4414
11136
9659
3526
10276
4666
5480
7392
7164
7436
10881
4861
11274
17876
17877
3847
8919
3380
397
8360
1077
4286
10398
10402
1524
277
17863
10403
7284
167
15251
11190
4956
1013
1015
17194
8611
4068
267
1581
5093
15451
7754
4819
2461
4380
4185
829
11270
5393
9480
17755
15412
6553
7119
7584
15120
11180
7043
5406
2497
280
1556
8565
9731
12829
6573
5653
6574
10725
1590
286
289
8482
1627
9364
2203
9380
542
8394
8420
7401
3246
774
2122
292
8500
11995
11996
7306
2358
2186
4425
1876
7823
14899
9653
10109
7586
2430
11997
4427
16221
9366
17151
1423
11665
4942
8085
16464
926
7078
7145
5032
1454
2485
9377
9378
4564
4565
11395
8502
5083
2014
9704
6123
2029
5102
5103
1010
4698
4699
1527
14487
16763
675
173
501
16491
174
175
12723
6182
6563
2081
9382
15288
7917
8661
6443
8808
7764
6456
1466
4840
5561
9687
311
2861
17144
3890
2489
5658
7335
2188
2124
2912
5133
5135
9988
234
3612
3887
8393
3396
7632
10086
6016
398
14642
5302
5305
11246
17977
9414
2910
3433
1676
8722
1938
10691
6603
3743
5825
14611
16362
2928
2866
17625
4302
9059
17236
7005
14284
13780
5930
2821
4822
3479
834
9010
804
5816
442
7355
6003
5584
11586
5719
8560
8730
349
3296
5985
6011
5737
7967
3682
2726
3625
2167
6202
5097
3414
1582
4247
3617
14419
5553
2487
11714
6970
2001
889
11775
1541
2566
5891
15465
8155
5681
10783
4160
3149
9072
14864
1643
4716
701
5758
5790
10440
3277
6357
3843
4867
5899
3362
3386
5954
12126
6018
8508
6637
5508
5518
1947
831
4542
5576
975
327
5594
395
7644
6118
4091
328
16424
8521
1592
6720
5185
12376
5186
3731
5188
1632
2674
638
2787
7359
198
13011
345
1149
10831
10837
11409
12362
8956
16132
798
14507
2352
10566
3411
14402
13179
6102
9689
5096
1004
4599
640
15117
5636
14417
5573
5650
5230
8539
2347
5959
6024
8544
5547
3563
5514
5502
6838
5291
5033
6153
13324
8727
5687
7231
3147
3662
2643
6235
3178
619
14475
6765
14479
3123
8982
7833
1693
672
3955
5828
219
11998
356
12006
10485
10505
16663
371
2846
14512
3373
2874
3919
3931
3942
14522
15207
1080
7025
10103
2938
14531
2943
9279
1927
394
11156
4504
7748
582
10169
4050
3036
8683
8566
3579
270
15772
4384
377
6314
9780
14570
4801
232
6770
380
8255
392
7907
8586
400
407
16360
412
5101
14599
498
7414
10835
4369
8862
8937
7204
2087
846
1751
15577
15652
9828
413
2855
8108
7126
7017
8073
415
2731
9773
1160
10688
10693
8612
1622
4579
2909
3400
7567
3211
2066
2340
11322
1863
8403
2140
11628
11638
549
5162
11321
575
8787
14957
2691
10373
4754
7333
4977
10935
11970
422
8114
10985
8176
9465
10762
11367
11002
14736
4799
9484
9999
3861
3370
2862
9799
6459
7537
11326
7561
2798
17184
2463
8884
3494
423
8944
7085
427
14493
6071
11687
2040
209
16711
5487
17154
632
6408
6104
438
12361
4645
7978
2989
17102
11490
363
8818
606
9798
3038
3700
1608
937
493
567
16784
2250
8027
864
1392
11764
892
3711
10757
904
8278
13323
7183
3937
3938
1641
6528
7168
7691
453
6250
8671
8562
11803
8254
4928
15252
6690
8563
6486
9051
4205
9971
7432
16166
14849
4396
10018
8647
8226
12199
6429
7990
3525
8268
456
2660
10853
5751
6368
4419
7153
1650
16139
4402
4139
1710
461
11252
4442
465
3693
222
7317
268
7316
7324
10798
10804
6955
6812
6067
11188
570
11191
11245
712
11310
713
4580
4968
6633
3848
16531
466
3834
1939
5059
11533
11643
3740
15517
12680
4107
2576
2723
17193
6718
6096
579
580
229
230
2795
2796
661
4111
14850
14851
3661
6753
6675
8835
2716
11735
4627
3323
3542
8496
9028
5471
11617
11631
11642
1403
5530
14360
11734
11676
8666
2034
1540
1451
1713
11721
1495
9678
8583
16349
14623
1916
17356
10574
8823
2559
6358
3310
7347
3165
830
8310
723
2016
3695
7412
6158
14793
6177
5052
4350
16415
4736
14776
8670
16416
236
2777
3792
2720
3131
14770
15440
14774
11639
11780
483
5684
14782
6722
2120
6746
617
12433
9874
8857
5822
8676
2801
10490
14700
2316
5764
17694
5451
8677
1874
11619
5948
879
8618
5538
6004
462
5586
5596
545
4096
2837
2724
7351
573
574
8132
1617
9967
5862
895
3073
3842
6192
1724
4769
5844
17638
10477
6268
4261
4674
490
491
17096
6222
8036
256
3076
17752
246
247
3468
7956
4654
12873
8296
1549
4418
251
842
499
10046
9489
9490
5823
1031
10153
1357
791
15133
257
1162
3597
8696
1161
15102
7824
14645
2284
2033
8398
6489
5674
9004
6806
10341
11120
14662
5286
14871
2645
355
4207
10309
263
4743
8635
4159
4154
2620
265
266
4496
4497
8509
8511
5090
9453
2546
6947
5401
14891
2490
17961
1473
16135
16150
16170
16147
5811
16134
16148
16129
16130
16176
2974
16138
17112
2094
16178
16152
7521
16168
16163
5107
532
16143
16133
16151
16181
16146
885
4600
16183
16154
16189
16127
6136
273
1046
4516
2990
6088
4299
9303
7094
10189
10227
9814
509
8706
275
515
276
2053
1480
4028
10384
8752
519
1036
516
8733
12374
15458
8809
8716
2163
11393
10383
4783
11991
10974
5861
6405
10007
530
5469
3422
1894
7016
15763
8723
534
3488
4515
5037
8111
945
8729
6482
5115
8191
770
4100
2579
3611
7713
1450
5099
6992
2904
7176
4353
8485
9280
14839
9308
9361
2450
794
1692
1368
1439
933
15144
284
5925
9274
9275
9278
2335
5622
3406
9271
8416
9314
11984
8426
9276
3184
2679
4619
4569
15135
1552
1714
3169
1120
12402
4216
4737
2226
4215
539
285
15136
309
17757
4456
3989
2478
15282
7655
2987
8998
11683
548
711
5367
4720
1113
13924
10847
4213
2005
1305
4217
517
1416
1943
1589
1848
1602
13153
1003
4999
8742
3434
290
4352
4609
8374
4248
11451
9956
16613
2854
8745
811
14639
2366
3421
4446
911
3987
2472
1975
4555
9722
3469
8867
8873
6978
10444
566
17630
12020
13258
1572
17745
12034
13558
295
4714
296
6754
6755
576
5798
297
7992
4524
6968
3142
3058
1547
16131
9383
11056
7282
5214
2275
5370
2428
7179
6227
5142
5787
3982
303
7177
5040
320
306
5267
4659
2009
8774
583
8523
1618
5581
586
5607
5609
8573
8522
3454
8779
11883
5324
12699
8160
588
3509
2973
7443
6171
6846
5567
8783
451
6370
3171
6369
2673
16140
10962
7920
1918
16155
17586
17587
4879
4251
14900
16177
17918
5690
8987
16574
5975
9816
14363
2651
6884
5624
5886
6047
2721
6050
7269
5479
553
5807
592
5526
11000
598
316
3667
6814
847
3970
8791
14799
7693
6680
6127
8801
4520
6961
14787
6752
7247
2280
335
6129
4594
2085
8140
2510
2003
322
8817
323
9857
9144
1045
2218
7384
2020
8210
11551
1977
5506
4374
4764
1069
11573
10832
634
7310
4894
6953
584
8377
8827
6488
5851
6882
12389
8831
1029
1030
2570
1940
645
795
647
6065
4978
648
330
13267
8856
671
14080
6236
621
9155
331
332
4771
7682
738
10852
334
1153
4606
336
5712
681
6919
6529
7184
666
677
4278
4285
8001
7876
6597
714
4688
5760
3622
5693
5962
5212
5066
1008
3971
11670
341
4310
7789
342
14294
505
8196
5163
419
420
2984
1720
10941
1870
5166
7791
2600
3706
1059
7792
7175
7199
2593
8121
2149
6788
2181
683
6320
9938
6608
13069
4925
4933
8531
7527
6006
903
16265
17042
17043
17044
