########## k_12_lmd_2_length_223
383
1829
2002
108
3871
5290
201
384
9090
2876
5211
3076
3876
766
88
599
39
4409
4047
148
171
5853
4029
591
748
9963
3402
2698
9283
809
2817
870
23
2446
3588
71
3684
755
3878
353
439
2769
107
101
3799
2908
2706
55
2849
2805
10070
87
2811
3757
119
5299
4357
470
852
291
605
2271
238
1862
4521
2879
430
282
7
2042
131
1817
4246
208
2216
137
3877
3499
1936
2910
4665
749
3803
931
3704
3181
445
3478
1387
3610
694
794
2610
2930
6022
4720
689
4370
307
5673
1680
4276
4347
184
511
3716
1999
637
35
818
559
300
2234
348
77
3805
746
158
862
3862
3874
6483
89
751
3875
2768
3872
4020
2657
2781
5297
9
4526
1168
3689
240
278
3868
3818
261
434
58
765
3087
1375
3680
4849
3892
1088
54
406
3113
8445
4127
5879
610
231
4060
4804
1832
4125
568
6062
1612
428
277
643
1074
283
3794
461
780
1044
986
4721
3854
2851
123
3244
2850
3833
415
79
3068
431
762
3793
195
5305
1520
1054
1435
183
130
880
3002
4777
2872
3199
3997
429
1082
2902
3433
259
449
2920
3806
563
29
36
4038
3557
3867
2913
2774
2741
761
673
375
4373
3837
4420
