########## k_6_lmd_1_length_6069
5765
1542
11673
9910
14272
9942
7568
1802
3064
10032
11248
6038
10135
1479
10141
10139
3256
2501
5980
12738
5979
10371
7870
7463
5055
1585
14194
10039
10042
2754
6087
1476
197
5747
3684
3324
12664
3607
3279
7129
10128
5025
467
2936
4187
5027
2125
3292
11589
10979
7468
227
1895
4738
1387
6005
5275
6007
5587
3908
7481
11599
10545
4006
4295
9
8629
12494
9440
9088
4747
10794
3573
1871
2833
4660
6298
2529
708
8961
1689
3696
4543
22
591
5118
7505
1726
1445
758
8425
849
3109
6990
5297
13104
3762
248
5301
2694
5299
931
9827
8236
699
12814
5137
5111
4981
3002
1877
3757
5303
1719
29
3290
1054
4127
12327
1057
3106
2792
2321
35
9137
4195
8619
39
7722
687
7724
13200
3282
5170
563
4670
9832
6721
308
5
348
5227
2907
5203
7002
2653
688
4884
10006
13181
608
12458
5129
3687
5226
359
4721
3084
2624
4029
4110
3550
118
1516
6265
9090
5248
130
4885
4745
654
1929
1168
5266
3023
3224
2330
5284
5292
5293
3528
5294
10952
1727
2826
1878
4199
709
189
1858
2241
202
2762
3794
215
3803
2269
743
5360
5355
748
238
3823
3824
4849
754
5757
8488
6392
2811
6537
8445
6914
10500
2818
780
2322
4788
9789
2254
3864
294
808
4393
8674
3063
11124
3643
1169
3714
7565
10074
1175
1176
1177
8789
11723
2350
3097
4400
6046
1188
6786
4390
10980
529
5676
7272
6288
1226
4104
3535
691
9462
3378
1109
8057
8889
732
7780
8893
3204
4866
11971
7014
318
835
324
11135
11150
11289
11163
8879
9141
3047
11128
2962
12375
11171
11121
1750
7572
5050
16528
3759
3750
3981
837
3914
9001
10842
3536
8819
10062
13676
7456
8995
8955
4941
1729
3096
3512
10084
410
3054
12029
7202
8740
1651
8599
626
8667
3214
9796
10438
3260
10457
8171
5350
10508
2059
11045
6440
1042
3210
10089
943
2902
5562
6197
14395
3540
1967
7574
8689
2995
2077
3043
10736
8732
1583
11320
3166
8852
9881
8839
3394
9022
8996
10022
3659
8861
8435
8718
851
3543
4768
5649
11077
8792
697
2937
445
6186
1748
2815
3927
5361
3418
7652
4447
4448
871
7323
3946
1903
7973
8708
5000
4544
2976
8767
15258
11149
12608
10101
10038
3694
7154
8712
2484
16522
10983
6538
10317
2879
4889
3053
2972
5143
7292
9056
17825
2971
5138
10178
13650
9016
14492
8510
8253
10391
4097
5087
10478
10507
4954
5366
17667
8649
10734
8691
8704
8748
3124
12027
13208
13209
3010
3056
3182
3232
3238
3241
3317
11908
5139
3351
3439
3482
13790
3589
3656
4812
13250
3734
11312
3544
5462
11155
14106
6888
3134
379
1404
6850
10401
13570
12236
10710
3552
11227
9785
6075
1179
8868
3594
10807
10735
6841
1195
11432
4500
4480
12540
2051
3723
9818
5866
408
80
3352
9963
1417
2805
1167
3599
6076
868
1421
12833
5372
10471
5374
1110
5936
10120
10130
2193
10132
11112
3015
11103
1597
3117
10823
6345
10991
12010
7434
7838
11126
5734
9008
10765
2831
4847
6167
12406
5736
7602
4613
3240
4848
12190
9430
3749
9003
8973
8641
3900
8986
10114
2749
3754
8244
8351
8245
10708
7222
425
867
9367
6026
11145
6863
8638
8657
11101
1349
11099
11102
15268
15269
11228
2956
9049
11272
10247
12405
9417
4529
8782
9373
2199
3203
9025
11174
14391
9376
2225
3708
4013
936
3698
136
5400
11175
4015
12320
7088
7096
1016
833
220
1591
10488
5829
10365
5566
8681
8117
366
10901
5403
10351
11046
4556
5404
54
4821
8323
741
11280
2785
4034
8421
11535
8753
1475
5282
3505
11797
3275
1593
9810
11873
4907
1995
4969
5602
5402
460
244
4561
815
5873
8687
2002
19
5385
6341
9670
1491
12679
16670
3032
7641
8338
8678
3017
2317
6828
4297
3948
3950
3631
1573
299
14411
12387
8188
5427
16713
16716
8045
9277
13925
2343
11249
11109
2553
8535
4065
8844
9428
10605
11195
9388
8802
8930
11090
11141
11147
11096
1620
11115
11122
11105
8474
11165
11250
11277
5981
10800
3126
10813
3779
5084
861
8876
3284
11518
11229
5113
3404
8537
10079
11104
3649
7492
12787
11140
10773
8497
3330
673
9408
6308
11317
7452
977
2997
12284
10214
4347
77
10884
1732
3415
3741
3326
1944
2856
2545
2996
10899
5420
2253
5112
1011
4494
507
24
962
5729
5805
9419
9420
8924
2695
5563
11492
2935
8698
1612
411
8640
9019
5428
3042
5661
11004
1578
11585
6387
2705
11820
8934
14020
3557
1430
5432
5552
3558
12328
8743
11450
3108
836
11208
6561
978
8630
8890
5990
6902
11344
3111
5215
8714
10701
11491
9421
987
55
1980
7467
4852
9311
12779
10676
9486
3070
10138
9426
4678
5257
8966
2277
11095
850
1588
5631
10029
1131
8553
4574
2144
1555
5270
278
27
3561
1695
9253
3564
2026
12274
8807
7508
1073
3797
4176
4186
7829
312
3350
9360
3206
11116
10340
11193
3568
7551
4753
706
707
74
6982
5464
2271
3701
4746
3572
6751
10146
5549
5424
3574
7686
5832
1973
4676
2296
4270
368
435
11349
11296
10145
2158
5149
3014
3538
9509
28
206
4330
4662
783
3576
216
953
3613
9520
4095
3029
5942
10148
10960
1536
2563
4922
4438
6159
528
1041
4814
531
5140
3069
9753
30
1774
3089
3091
87
6576
5459
6696
9557
4649
4596
3428
3628
5460
4653
6138
2950
1117
2614
5014
3432
3319
4106
1089
6734
594
9794
8124
7257
1116
3677
3678
2655
3680
2699
5648
5465
4951
1134
113
616
1656
2169
848
124
1043
7806
641
642
4800
1671
4744
1446
139
961
141
7312
10711
6293
8343
7875
153
2714
6303
1698
8358
242
2746
704
195
211
3581
6093
214
9431
781
5467
6105
7593
223
737
5105
4193
5858
8468
10224
3446
14442
12999
11181
11081
11239
11118
9027
10203
6371
742
13265
5472
2722
2915
3818
5621
10543
11782
9120
5475
237
6384
756
689
601
7466
2295
10729
1560
8960
3854
8662
3427
3459
629
2852
11784
11563
3243
9709
2408
5953
8218
2727
116
4367
3437
1098
3598
772
12561
5211
3860
3800
8457
2900
2840
2573
11168
11113
11182
4507
1690
7400
5277
10225
14910
11142
11162
11291
4891
2166
3348
1825
3471
298
1696
6454
2808
918
1965
2968
8519
11083
1836
1978
15486
1979
1786
5916
3079
8516
872
891
304
2865
1842
845
4915
11816
5946
1241
6280
5436
10173
976
4258
8049
2926
1829
3334
2243
2887
4937
11569
1800
3405
3473
339
6997
343
1570
1610
8356
2807
3936
6496
572
2914
7526
3944
362
4431
9084
906
3952
1906
13040
3441
10809
6516
11570
6021
3640
5782
16118
3642
1309
6534
2951
10519
3977
3980
4395
9031
5484
6034
5853
819
352
10982
2456
8836
5788
7781
8725
2961
11456
4157
1989
10105
9043
8317
9002
4249
11057
3660
4148
5495
4003
3499
9416
3500
668
2880
12854
13226
9433
3382
7221
12197
2908
431
2913
1375
1757
432
7607
9117
5560
2920
7114
954
3009
4549
8993
5497
10122
434
3670
4125
8795
8679
7058
8546
6089
3725
9808
5856
3673
8484
7237
10339
3675
3122
5848
7182
10050
3685
10271
3533
6606
3686
10049
1090
8702
1991
2511
3174
11146
3187
4486
11172
354
8669
869
8405
3031
6108
2222
2632
9477
990
5516
7356
6624
4602
2306
7631
870
4298
2541
1520
11352
482
1009
7633
6134
3923
6287
1530
4092
4988
142
176
3460
1558
5237
179
180
181
186
188
190
191
14892
15373
10092
628
12776
14355
10326
3688
7344
9650
8736
8764
8898
3080
13438
7901
9135
7902
6262
31
103
3703
3704
13415
9639
11154
7060
3332
4202
32
1428
5527
7904
1377
6502
5863
3495
11139
11111
9057
3346
1971
16760
11159
13093
6973
1024
749
7923
8918
3374
7528
391
11114
5533
114
12499
949
2969
7038
3867
10777
3807
4355
7493
404
36
3208
5193
3681
3960
2562
8971
6762
3130
11821
11203
993
11084
11234
16493
8554
11123
9945
9996
3325
3707
9491
7137
17408
231
7583
525
7103
8301
8951
17424
5657
3592
17428
782
3162
17431
7357
9523
1760
1900
10416
17437
17438
17439
17440
17441
17442
5543
5192
3837
2037
17447
17448
17449
771
17451
17452
17453
17454
17455
17456
17457
17458
17460
17461
17462
17463
784
17465
17466
17467
17468
17469
17470
17472
5557
17474
17475
17476
17477
119
12745
3341
1095
11339
1452
10572
11776
5159
9691
1663
17421
3833
8870
17496
3129
17499
15452
5835
5369
3392
2427
17505
5435
1917
3215
17510
17511
11368
17513
4222
148
7677
5565
8
6715
10917
1317
8397
1058
41
1408
42
1074
5570
17258
7856
85
17498
17464
17359
4321
17445
1758
17450
5572
2650
17459
16223
17255
4098
17471
8424
1325
7256
17478
17394
17395
10090
2178
17360
17361
4929
17363
3504
2341
414
17367
2127
1580
1398
6
8715
17373
17374
1568
17376
17378
17379
3871
17381
7660
5655
17386
17387
17388
3239
2825
17391
9296
8352
17397
17398
17399
17400
17401
7447
4961
2615
876
2008
417
8881
9323
1132
11539
11087
14007
4718
5598
7015
9741
1118
13328
3001
2509
11089
10808
9362
16421
5599
5239
1765
4064
4293
15499
12977
9455
1735
8812
7516
3758
1993
4876
2219
1407
5921
2179
649
3748
5789
1869
10329
2828
6364
10108
5008
388
4787
15052
7662
2407
3765
8376
10512
8473
10778
15007
15008
15022
15028
15029
15033
15034
15046
8896
11973
10957
15054
358
8916
9640
9331
11944
3245
13512
4534
11857
5181
12009
12930
12077
12078
10055
14188
12162
12165
12208
12325
715
472
3933
3144
11138
5228
10322
5231
4888
4952
10273
2829
11315
3962
2151
10394
12160
8540
1657
3760
985
3274
3763
1954
16492
1063
2267
3806
3772
2933
11276
1121
5036
1418
474
1994
8826
12163
6330
3816
3812
10195
7254
9812
12011
430
3825
6468
3945
12021
5120
2803
2004
5172
9403
8901
11540
12063
1787
5373
9482
6583
279
4325
2921
367
10016
9702
1453
13016
2017
6241
3132
6132
11267
4639
3835
78
3836
10025
1598
11313
2012
2982
2834
810
10367
1682
4407
5620
3181
3872
8637
8887
2630
8894
3913
7954
5466
1887
1420
1626
5473
6169
4815
1022
8979
4308
5641
10790
12878
3587
13915
3125
12043
2538
896
3902
7342
1700
3445
375
3993
4505
12044
416
10123
1953
1456
1936
3570
12909
5654
3006
3541
3855
9385
988
7218
6669
11082
4219
6110
6626
5608
2028
768
37
38
313
4282
8258
6339
165
3815
6029
6223
8631
1658
6698
1851
101
9301
12230
3610
544
40
1429
93
1443
2107
6833
1087
65
240
79
4823
3257
3258
100
5905
3691
8964
9990
11257
3868
11355
3237
3869
934
5656
4135
4528
399
390
6473
1431
2838
3138
3915
8477
957
13547
10927
6229
2595
3921
1141
3922
11049
3127
3924
3709
6854
7949
657
3736
1435
9142
12239
11093
6130
1438
4777
3371
8043
12146
1846
10299
10017
7752
5890
4192
3363
5281
8442
674
1866
8872
902
8952
3969
3496
11302
6829
8878
12398
7863
1722
8645
13823
1885
8848
3308
4274
5532
3633
4265
3717
11194
8456
9379
11235
3244
11178
10571
11088
11244
11127
3353
8739
9066
8705
2768
4042
5774
14256
8505
1458
7994
9717
2891
8520
4262
4869
3098
10231
10232
637
1747
3262
2703
12921
7471
14038
7460
4727
5679
4354
7995
880
8134
5550
4151
8551
3972
8829
3975
14584
15476
5686
3141
11119
1245
11292
225
4117
12321
7542
8799
3225
739
1976
6342
2498
4860
6444
9648
8571
9483
1461
10230
10685
11494
426
6580
10789
7287
5702
3949
9273
8841
3814
3817
4062
10802
15475
3821
6048
4863
3145
11981
10233
9317
1561
5150
3730
3359
3827
3383
2042
8806
5917
5365
3474
59
7963
751
2500
7
393
7194
7047
11240
3584
9754
11710
14113
241
1369
9460
1783
107
1372
1127
14429
761
1463
7360
4016
5730
550
9904
3094
9476
1084
1460
9978
2819
8269
3849
12042
2991
9775
12209
61
108
11158
15773
7982
1086
2875
1777
2311
8080
4018
7052
2148
5718
3390
64
3398
2888
4190
2894
433
1374
5992
1890
4109
11680
2404
6704
1930
910
881
6789
1394
4982
68
6507
1998
376
1913
13204
383
7834
319
5195
9368
1514
1515
69
5065
12369
2876
4587
70
2960
5233
5869
925
5023
5542
4220
3157
8660
8348
5761
8486
3216
3747
3250
6525
2642
11975
9475
3287
2054
12015
8478
12907
2975
243
3912
3027
8639
3520
5290
4853
2748
459
8999
3537
471
3039
5199
7899
7162
789
9805
11185
7921
3365
5611
7066
486
2027
8684
4024
7151
3545
2048
7464
7461
7465
3159
9865
10235
3071
2457
3164
3451
1388
16595
16596
12866
11231
4238
10473
8984
3061
8665
3251
10433
3340
9412
4482
2736
8257
340
11108
11091
11221
11204
3925
7796
13017
10506
10342
5579
4443
10027
14669
3493
5454
3158
5229
814
10248
254
4025
5895
8777
2057
816
818
4026
6928
10948
1079
1898
2954
8434
2074
11143
10499
9643
4038
2744
4484
2671
966
5049
7751
7573
11381
5461
9087
1673
1564
2190
4802
5013
1766
3739
2108
3384
4541
13243
793
1441
5539
4517
424
46
15116
2109
8790
4936
5456
1494
5160
3884
736
4905
2712
4474
3135
599
1496
2110
8793
5232
4043
12606
11152
2981
4782
859
11206
4471
11408
6898
8927
4501
11536
16597
16604
3555
8467
8833
1529
12842
475
487
1531
4973
5148
1956
2075
3005
476
3242
1528
2764
10865
171
805
8707
3435
3436
3049
2850
10078
3805
9143
3506
5939
4082
3663
4177
4072
14819
935
3452
9819
10320
4340
11485
7525
8975
2824
1165
8850
5769
7278
1767
779
7859
6322
8574
7888
6008
1427
10905
7236
3551
5399
4047
4196
9005
8655
8076
6778
4776
8636
300
6908
7330
2946
7142
6010
2082
2083
4610
7172
6291
7858
5613
613
8750
4051
3883
9163
7095
2978
686
8371
8418
4798
1697
2239
1791
4037
578
2084
12919
8694
8695
644
8751
3313
8786
10236
3644
8813
6097
60
8855
3148
8164
8933
8897
5775
9356
3442
3172
7045
8926
8932
2435
11040
10697
2191
2035
2575
8994
1902
4054
8503
10279
13085
2091
8773
5889
3176
7473
9210
8824
7636
9429
3190
5307
7425
4781
1957
8031
62
1654
3150
10703
3672
4845
5104
11632
8192
7246
10978
10250
4059
10343
10344
10346
123
7588
5799
10487
3979
6693
12817
11543
1955
8199
590
3648
4668
10404
1822
10411
4532
10413
940
1779
4533
5809
3839
212
4256
5813
4693
7767
4935
7640
4705
9015
612
11164
4069
5814
6315
6121
2101
8713
1624
4071
11788
421
10528
1703
11584
386
6612
13
1715
51
10559
12304
3393
775
12254
1469
317
16394
8366
6691
9272
10041
3650
3192
3651
4607
9284
7718
9290
1685
1635
8981
7012
10786
10791
10799
10801
10822
2103
3692
9784
7074
10844
1065
4399
18
11372
564
11587
23
1820
8375
10989
20
10087
3088
10895
5918
4874
9449
8472
5831
7472
4063
8561
6808
6514
194
2942
537
11092
2517
11169
2713
11189
5197
2486
11054
6679
2248
12189
11271
3718
11294
6760
2044
11633
5240
4070
5855
11336
3087
7560
4901
1852
3083
2572
1705
5182
11380
8169
6761
2139
11396
3156
6950
790
3055
4141
11504
1949
8985
2872
53
5857
4647
1587
2111
11522
2873
5689
7679
11600
8954
9078
15428
5868
5548
1948
7541
3489
75
16113
4458
353
6193
6674
7224
1400
2299
9779
5877
3093
9359
1088
9283
2657
625
2173
7812
655
5136
3756
3791
4817
1880
745
746
2769
11590
11527
264
1752
8487
307
3412
346
5470
5491
10019
6889
7380
6017
2952
2953
3984
405
922
3161
4526
9949
4527
4020
3368
4001
973
4172
463
3549
4575
12769
4067
1020
439
11196
7174
4188
4120
4189
4140
559
560
3639
56
496
7234
1770
5201
3163
4191
1410
7795
5253
1158
8221
5261
2706
2718
7343
610
955
4273
6834
696
4057
4804
694
4829
10533
2337
14711
3381
218
17631
1138
2134
10879
10986
2693
2136
6367
12305
4203
3831
5371
2816
7208
4357
3336
5900
6650
3858
3859
3863
2949
11279
325
1862
3402
1884
2307
862
4455
4979
7034
381
382
2147
389
7732
2970
5531
932
429
2481
5044
15300
2504
4571
7050
10204
5094
510
3090
5558
1881
1151
1535
1923
10125
9365
729
2211
6598
12152
9853
10345
939
942
5352
1459
2312
2233
4105
1085
5826
6214
6824
4296
131
4434
9400
11582
6737
4921
992
12195
7951
9313
8167
2154
2328
2155
765
2164
2176
9286
1406
9642
2055
2331
6700
8917
4164
523
9293
3999
4810
2189
4880
4121
7840
3630
2196
5881
7952
2357
6892
597
2216
86
89
4711
109
4722
5750
5190
1728
2756
3669
11713
4292
3727
2708
2224
351
1691
3236
8349
12413
201
3278
12804
7984
2259
6172
5289
4228
3876
3167
10350
838
4231
8830
2793
9975
3072
9748
262
12309
5897
8086
8458
272
5762
5908
970
5198
684
7916
1815
1780
6446
2864
4119
8499
1704
2361
4426
12478
2234
2379
2380
863
11655
4450
11621
7031
5727
5740
11640
11647
1412
5184
1962
2439
6895
5306
5006
4239
2448
11672
2235
3992
7580
4123
8452
7076
4871
4873
4005
6666
4521
6726
4011
7180
3074
5554
960
7105
1988
730
4045
11726
9548
1001
6590
2240
11732
3314
718
4060
5808
12855
9835
4276
5100
6030
5243
11712
3967
3095
777
2015
9100
15665
4850
2684
184
4088
6259
6979
6904
2382
5673
66
67
3546
1512
839
3645
13377
7446
9937
11449
4468
15279
1482
2648
840
8450
9404
8032
4002
45
47
329
7331
5071
3588
5824
2262
7717
3470
3753
8042
5551
477
3905
5708
13388
2536
6764
2797
7692
5489
763
3160
10196
844
12910
5048
8953
4264
9842
444
489
702
12707
9667
2266
9822
7857
5907
3085
4275
11430
7345
2784
2258
9758
546
6768
547
11749
5912
857
858
1734
1064
5200
3636
3372
7742
5664
5915
3653
3679
6920
5264
2197
11689
7900
1763
9044
6974
5209
8980
3524
2237
9349
205
10369
5202
6340
6861
5363
11947
6389
12801
10280
7948
8804
511
801
6972
832
4421
2889
16715
12818
384
7003
3934
2916
357
2409
8047
1546
8048
2931
9851
2278
3963
183
58
443
5923
2473
8417
10475
6084
9706
6103
9328
7694
3286
3450
5073
3801
2130
6996
12326
13430
1484
9720
6655
4872
522
4142
9014
2285
4825
5928
3121
12900
5258
6198
1797
1625
5937
631
6420
73
2286
5938
4459
2283
8737
1032
11425
7746
4144
7974
3424
500
5683
4147
3152
4149
1119
3600
12290
6385
1642
886
7783
11596
5947
5768
1872
2187
5952
3227
11094
4940
7849
2223
3716
7753
2238
7591
12989
4150
7049
1974
2871
8923
9924
5322
733
9427
6875
224
226
14154
1905
4851
3321
2476
568
853
5932
302
4156
10031
5967
820
3105
1850
315
986
12246
13584
13045
13046
878
4158
5353
1638
3322
2918
8569
11144
2939
764
898
1678
10264
5507
9625
690
786
8899
5379
2901
255
991
6971
882
452
454
9951
5038
888
15548
1486
4066
4816
2988
3973
3385
16329
3078
6632
8958
2567
5971
504
3066
2730
996
4108
2804
924
4326
6644
7669
3764
4332
4021
4022
5128
11792
5974
5210
9065
10486
1562
10013
3114
1586
63
4165
3830
7265
14540
653
2282
3137
2198
10150
4257
1513
2728
261
4779
11459
203
6455
551
3829
3173
3360
1886
6452
5943
2356
5440
8459
13240
3220
16218
14195
2437
13235
7100
3012
6503
8353
9312
8387
8832
3179
813
695
9979
4586
10142
17646
3840
596
10981
9993
7831
2998
2429
6614
721
8692
3882
3928
817
2967
4254
8084
2830
10210
1796
4870
6431
4910
3337
3491
4079
7972
3738
6326
593
6115
7839
6203
8130
5993
1864
4204
526
8797
2591
4646
3113
907
1579
8776
1114
71
2069
6939
72
8331
13351
2303
8334
7896
6969
6289
3335
2205
4255
3254
1721
8805
3320
2814
2832
809
10496
3388
2899
1677
373
3462
5003
6001
4511
1440
1462
3856
15118
4706
4598
1457
9662
2516
1666
5080
48
997
2308
5174
1517
497
5205
5206
2552
3065
5117
84
81
83
920
4585
6164
4983
17571
6401
10515
11915
6403
6145
3419
6012
792
6304
6562
12364
6312
7476
6467
333
2644
963
6113
6114
11620
7814
8455
1005
239
5357
2641
3606
4122
947
11934
7365
8368
1708
10834
8367
919
930
2369
8115
13489
5723
6020
1468
4420
2146
2420
13539
2847
7749
4931
7250
9820
9824
5578
6501
618
112
7915
3177
6271
4288
5263
5510
149
8969
2325
196
13528
282
941
6313
6822
2732
803
7538
6027
3230
1395
1442
710
6033
4898
2759
4306
856
2851
3305
3819
12119
755
5879
10249
8558
2885
1559
88
577
90
13571
3889
3293
1356
3899
326
3689
8091
2549
6483
883
7544
1147
6037
3964
3904
4479
5001
8616
9098
3877
4492
3985
9106
8642
7073
9333
5494
6042
3497
6062
1472
8133
13629
5887
7622
3020
3025
3331
6343
8620
10432
4076
10504
6640
2893
3344
7450
1823
6053
3596
5141
13660
1048
9334
7203
9034
5964
692
6058
1159
13678
10374
5269
6060
6349
252
3892
2336
99
10035
2868
1672
4405
680
1853
8853
2400
10529
2895
3438
2941
6527
1963
3898
5191
7106
10742
8701
3030
10536
4576
1505
8303
2213
138
5960
1563
2619
91
4180
6995
1778
1951
4588
1644
2735
92
8588
7298
11604
10386
1768
852
11613
1082
4182
4545
3990
3862
3986
2157
3996
8347
7855
3761
3893
3894
6748
3896
956
10911
3895
4993
3554
6066
478
3828
94
951
8854
6524
7439
2073
16249
6247
9294
8866
6068
97
9133
6620
6911
8758
4132
8781
9903
8025
98
4460
2351
6009
1510
4349
10546
4211
128
8321
3811
4198
8322
4382
1525
10550
2364
10070
4259
4260
5179
6154
6756
1537
5999
132
7009
13846
11756
6099
1935
5010
7063
5781
938
5204
6579
6100
11184
3710
3050
5642
7185
3099
540
9251
2264
1790
2608
3712
8332
7820
2609
8381
1488
5820
9830
2370
9264
3180
974
11625
7229
2116
4226
6147
6497
6243
1968
5223
13911
7273
5748
10003
4224
667
719
679
8224
3752
7091
6319
5478
2246
2374
6344
1389
11098
5834
210
2781
3809
5864
137
2812
5493
8970
7970
17719
293
828
6354
5949
1860
344
8030
6495
8568
13969
1915
3732
13136
4466
4990
6163
6705
3976
4991
6014
4014
2993
437
6582
3518
9302
13990
1996
8145
5590
3674
2018
6173
2375
3590
2376
9058
6647
4093
7566
5485
609
8648
8194
8720
4227
5255
4017
3906
1485
2401
2403
10051
2543
10066
6395
4229
106
8342
7334
2406
750
10080
4437
4530
10966
6185
156
5448
5714
5739
16141
662
3201
3719
7370
1717
11353
6199
6839
8888
3795
7390
2772
2794
14846
1772
7918
1788
4868
716
843
2906
3926
1832
5998
8559
6144
9989
1397
1414
1433
5537
1449
10014
10913
16346
10907
449
3033
5086
948
2025
8433
1006
8355
3067
10252
2412
12319
552
6736
8290
4751
10377
2700
2701
4250
8644
12781
385
8380
1740
8652
4642
14135
2774
4854
1745
4368
8476
2353
5407
2416
3891
964
1847
1826
8517
6983
6028
5477
893
4498
7081
1934
7379
4031
1652
4044
464
7469
9964
5389
6200
14179
8504
3188
4759
16136
3217
5522
4892
2898
7383
2741
3511
11073
8037
9102
4279
10723
5600
172
11224
3110
2137
4729
3304
2530
6211
5216
14219
7408
9856
1981
6615
3101
110
111
944
2999
143
6300
5279
4429
2583
4280
8632
9406
7424
4806
6285
4682
1487
9994
4023
4611
2571
2426
6864
2432
3513
2047
2436
6511
7797
12334
2919
4473
5827
9030
5490
9663
12498
1966
6994
4303
8828
7079
875
480
481
2445
5958
4272
6156
2751
4839
6237
428
14433
4618
11382
2446
2449
6253
3198
4855
556
1025
274
7268
800
15280
187
3449
5196
722
14820
1000
115
117
1659
2460
6435
720
917
3416
2464
693
3453
9668
8816
9672
3466
1402
17636
1053
1465
7579
2289
11591
1574
4661
3932
9007
600
602
8798
1679
4245
4246
5280
192
1883
3389
4980
10439
8483
2783
8314
3878
9306
5368
7427
4373
1831
8526
4152
10077
604
3456
3458
4997
4489
7057
3519
1984
5085
5088
6645
9107
5511
120
799
900
9052
3943
7226
121
6731
7800
337
6437
6716
122
4161
4360
12808
12553
1808
1
9676
182
15993
6687
2088
1837
11436
624
636
639
10992
10470
6278
5778
12555
5803
3107
200
2763
2680
8407
228
2291
2294
3022
4348
1794
6411
1806
301
6025
7187
5950
747
1868
5458
5973
15212
877
6000
1920
6032
2927
7394
4048
1448
6059
2903
6073
16137
16142
5722
2892
11716
8651
7371
8656
5585
5618
4056
338
3060
127
134
2184
5311
310
440
3397
3903
6860
3028
125
470
126
258
3614
5512
3024
2454
3035
2930
635
9267
4410
5020
3603
4962
4837
458
2925
204
16923
129
9823
6261
5069
2524
3615
11529
2064
4116
7701
7192
6692
4134
4136
4138
4143
562
565
9797
10015
6269
3189
3702
7293
133
646
10932
3866
8697
3751
168
169
4778
10930
4409
5300
5883
3793
1755
3804
13535
3820
766
7936
999
269
4652
5251
4146
2877
2878
7135
10534
10806
7207
4440
866
2922
1899
3959
1912
1921
207
3988
8401
4007
4055
984
3037
7048
6116
6634
2465
4862
5381
140
2145
921
1985
3652
6284
4304
4687
8700
3431
2750
4178
10738
3699
10301
1144
11537
1370
8402
10
4774
5312
2789
1499
4934
1716
4277
11
2102
4101
9671
2468
7244
3455
4406
4112
4170
4171
8271
2152
8305
6310
4263
170
8390
6356
10501
10502
4370
287
2060
305
314
4432
8534
14739
6556
4513
4536
2492
448
8643
488
543
4049
8738
8865
11588
561
2622
2932
585
536
8847
9683
6085
9905
10048
2667
9843
622
10793
16537
6830
2696
8846
4436
5121
4760
4957
682
7332
11301
8904
4813
3193
753
2806
8968
3503
8989
1611
11041
7421
2869
9089
2890
2897
508
6270
2911
9060
9074
7037
2945
2948
2957
2965
4449
2310
9126
3021
3041
3046
7462
10677
10673
13000
4114
3057
3068
1756
1595
1037
5156
1075
3128
1083
7340
7341
3143
6896
6074
3155
10206
555
6295
9443
9657
11354
7279
3102
558
1557
5234
16759
11261
11337
1145
1845
3235
3530
9418
1033
7695
6485
9804
1422
3297
3328
1155
3343
3354
7474
3391
8925
826
6667
1373
10775
213
3624
4413
3485
1044
9647
12147
3289
1464
4383
3941
4590
10704
1649
9686
4959
6309
7653
7654
11798
441
11799
3623
9300
9726
3629
2496
11622
3626
11131
12969
14392
7339
4462
9786
4401
3690
10021
6724
5743
1667
1674
5777
8784
3641
3733
3737
10127
3048
3746
1706
3789
5838
3799
5849
3705
1759
7102
9959
5870
3826
5077
4131
8771
10020
10023
10057
1419
705
1875
5978
8028
3507
5438
6022
7307
217
6141
11259
9890
16125
3478
10228
2459
8021
1040
4075
4084
4281
2733
2755
908
3637
10820
7363
1607
10443
4464
3683
1390
369
899
9069
3272
527
7422
2725
8412
12662
8419
8672
2839
8762
2531
5529
4974
1830
1665
7726
11298
3265
233
1115
9774
1571
7971
3634
603
4194
12906
2966
4009
4499
4691
321
9338
7939
4118
10159
11220
752
6307
6747
969
2535
5670
589
2977
3480
7290
3280
9846
8843
1047
3514
8976
855
10769
2776
3154
8200
989
5091
735
5988
2717
10393
6352
4081
11281
7798
9461
9464
1150
8428
9139
726
8429
2515
1051
1108
1156
4307
10129
4030
4000
8109
5039
6918
7372
10126
734
965
283
146
4290
3205
7367
6091
3185
6596
10001
9425
147
4469
8430
3481
1489
1396
4115
2132
5669
5720
4710
1135
7684
3231
4809
3267
3307
7934
2319
827
6986
347
8431
1105
4595
2150
6878
5079
6152
731
8227
8859
4491
1817
154
3355
3356
3104
5801
1600
16714
2542
9432
2740
4844
767
245
3461
249
253
6681
3870
12451
10282
4398
14638
670
1859
2884
3483
725
12936
259
3168
512
8990
3183
6837
370
157
4488
5119
2305
2820
288
3881
1799
9369
2544
982
7935
350
11170
3609
7979
3697
3571
3196
9082
159
160
161
1835
2817
8267
1091
4124
2790
3997
6890
11762
10795
7603
5396
611
5617
15218
2458
17570
4130
9699
260
1055
2810
8446
4514
164
6445
14094
3742
3486
4970
1736
4485
11435
9659
3526
10276
374
5480
8634
5254
15211
3044
4861
6694
1603
1959
3847
11223
3380
397
8489
1077
4495
10362
9289
1524
277
17
16036
7284
167
6051
4502
2297
12
1015
7415
7220
10761
267
6910
10260
3586
7754
158
2461
4380
2698
829
10152
5393
6381
6355
9488
10312
9781
1712
3197
10764
7043
5406
2497
280
1556
8565
9800
3790
6573
5653
6574
3490
659
286
289
8482
1627
9364
2203
1072
542
8394
8420
7401
3246
774
2122
292
8500
8770
12702
7306
2358
2186
4425
1876
2985
6530
6421
10109
8432
2430
12897
1139
3991
4512
3312
1423
3994
3081
3
4362
926
7078
9316
5032
1454
2485
9377
3646
4564
4565
2574
8502
5083
6388
7667
6123
2029
5102
5103
1010
7668
1068
1527
3575
1076
675
7026
501
1078
3226
175
2050
6098
6563
2081
3465
2399
7917
8661
10915
57
2580
10028
1466
13004
2983
3744
311
10706
11618
3890
2489
620
7868
2188
3199
2912
6390
8842
2288
234
3612
3887
8393
3396
9287
10086
6016
398
4734
5302
5305
9322
6932
8788
2910
3433
1676
8722
1938
5759
8721
3743
5825
14611
8895
2928
2866
17625
4302
2584
4857
3367
11678
3052
5930
2821
9063
3479
834
2160
804
6399
442
7355
6003
5584
10707
5652
4301
3306
349
3296
3281
13271
5737
11213
3682
2726
3625
4842
12330
5097
3414
1582
4247
3617
2585
6586
7953
11714
6970
2001
6410
11775
1541
2566
5891
5644
16718
5681
4155
4160
3149
557
5392
1643
4716
701
11671
8415
10440
3277
6357
3843
4867
5899
3362
3386
4683
12126
3207
8508
6427
5508
1096
1947
831
2381
1102
12960
327
7741
395
5753
6436
4091
1999
2586
8521
1592
6720
1896
6474
4603
3731
8187
1632
14631
638
6462
6480
7862
10497
345
1149
10261
4334
1103
3657
8956
16132
798
14507
5349
10566
3411
1125
7864
4846
3810
5096
1004
4599
640
9838
8731
5902
7271
5650
5230
8539
2347
82
271
8544
13855
3563
5514
5502
6838
3364
5033
6153
7648
8727
5687
7231
3147
3662
11870
6235
3178
619
14475
6765
1081
3123
8982
762
1693
672
3955
5828
219
6515
356
12006
605
10505
8626
371
2846
446
3373
2874
2986
3931
7442
10787
10788
1080
4558
10103
2938
14531
2943
9279
1927
394
11156
7937
364
582
2924
4050
3036
8683
4294
3579
270
2601
4384
6523
2578
3222
8688
4
232
6770
380
3234
392
7907
8586
400
407
365
412
5101
5982
498
8019
6061
4369
6948
3447
7204
2087
846
1751
7976
10514
6533
413
2855
1021
3140
7017
8988
415
2731
9080
1160
7118
2425
6544
1622
4579
2909
3400
7470
3211
2066
2340
11322
1863
50
2140
11628
11638
549
5162
1616
575
8787
12767
2691
4577
4754
7333
4977
10935
6052
422
10796
1844
4525
11161
10762
11367
11002
6548
10334
9484
6143
3861
3370
2862
6078
12770
7968
7557
7561
2798
3484
2463
1136
3494
423
11048
7085
427
6549
6071
11687
2040
3476
1551
2592
2849
1865
4445
12789
438
12361
4645
4601
2989
2126
1775
363
8818
606
6215
3038
3700
1608
937
980
567
4145
2250
8027
864
1392
4153
892
3711
10757
904
9962
824
7183
3937
3938
1641
6528
1702
3413
453
4424
8671
8562
208
660
4928
10797
6690
8563
4987
9051
4205
10805
12813
406
10348
2955
7089
8647
8226
665
6429
7990
3525
8268
456
2660
1606
5751
3327
8151
1839
1650
8543
4402
4139
1710
461
11577
1477
465
3693
222
3252
4637
8746
7324
10798
10804
4638
6812
627
6221
570
3874
14762
712
6575
713
7928
163
5841
3848
3018
466
3834
1939
5059
2743
11643
3740
959
1688
4107
2576
2723
1655
12057
8044
11447
580
229
230
2795
3658
661
4111
8863
1648
3661
6753
6675
8835
2716
8238
16462
3323
3542
8496
9028
5471
8911
8054
11642
1403
5530
5235
5310
11676
8666
1840
15398
1451
1713
4665
1495
9678
2610
16349
2827
1916
4673
8501
8823
9327
1049
8775
7347
3165
830
10812
723
2016
3695
7412
6158
8495
6177
5052
4350
10815
4736
5842
8670
3577
1711
10498
3792
2720
3131
4677
15440
8838
11639
2715
483
5684
15
281
2120
6746
617
11495
9874
8857
5822
3288
2801
2300
1614
2316
5764
4089
5451
8677
1874
11619
6187
879
2625
5538
14404
462
2662
12052
545
4096
2837
2724
7351
573
574
7165
1617
9967
5862
10539
3073
3842
6192
1724
4769
5844
7104
10477
9860
4261
4674
490
491
740
6222
8036
256
3076
5326
12502
1687
3468
7956
9268
769
1026
1549
4418
6820
842
499
10046
3261
2958
5823
1031
2870
3832
791
1415
257
1162
3597
8696
1161
15102
7824
643
2284
2033
8398
4612
5674
4636
6806
10341
11120
1146
5286
1946
2645
355
2853
6002
263
4743
8837
4159
4154
2620
265
266
5500
2711
8509
8511
1157
2372
2546
8719
8297
806
2490
3146
1473
16135
6628
8646
3175
5811
16134
16148
16129
16130
7687
2974
10737
1104
2094
4457
16152
1522
8454
3875
5107
532
5667
633
16151
6635
3578
885
4600
4726
8760
2994
2260
7457
273
1046
4516
2990
4715
10739
9303
7094
10189
10227
10740
509
3531
2689
515
276
4739
1480
4028
10384
8752
519
1036
516
8733
12374
2747
8809
10741
2163
2629
6917
4783
10743
10974
5861
6405
10744
530
5469
3422
1894
7016
1933
10745
534
3488
4515
8992
8111
945
8729
6482
5124
6987
770
4100
457
3611
8384
1450
5099
6992
2904
7176
4353
8485
9280
14839
9308
9361
2450
794
2220
1368
1439
933
3366
284
5925
9274
9275
9278
2335
5622
3406
9271
8127
9314
11984
8426
9276
3184
2679
6578
10748
11440
1552
1714
3169
1120
10749
4216
4737
2226
4215
291
8864
2631
309
8451
4456
11574
2478
9096
9415
5238
8998
11683
548
711
5367
4720
1113
8654
6646
4213
2005
6651
4217
517
1416
1943
1589
10532
1602
8506
1003
4999
11063
3434
10137
0
4609
8374
4248
6653
2778
16613
2854
8745
811
1683
2366
3421
4446
911
3987
2472
1975
4555
9722
4903
905
8873
6978
967
566
1181
10076
11286
1572
4623
5983
11748
1803
4714
296
3000
3492
576
5798
297
3567
4524
3268
3142
3058
1547
16131
9383
11056
807
5214
2275
5370
2428
7179
1539
6551
2886
3982
303
7177
6682
320
306
5267
4659
2009
6697
583
8523
1618
5581
586
5607
5609
8573
8522
3454
913
1255
1675
8295
3301
588
3509
10878
1270
3857
10841
5567
8783
10977
6370
9705
6369
2673
7013
10962
1749
1918
1904
897
6251
7731
2636
2637
3463
5242
5690
8987
950
10154
8532
890
2651
26
5624
5886
6047
2721
2348
11552
5479
14929
1038
592
788
11000
598
1952
2138
16327
847
3970
2639
7354
8105
6680
3517
901
4520
4300
9690
6752
1807
2280
335
6129
8053
2085
8140
5872
5095
16
11134
323
6469
3361
785
2218
6759
7193
8210
8675
1977
968
4374
4764
1069
13505
8542
634
6823
3303
2664
584
6131
5476
3008
5035
14954
10358
1680
1029
1849
1601
1940
645
4689
647
6065
4978
648
330
8212
10325
671
4573
6236
621
10463
331
3318
4771
3521
738
10852
5919
1470
4606
336
5712
681
4137
1126
5060
666
2244
4278
6831
8001
3539
8572
714
4688
5760
3622
5693
698
6776
3311
1008
3971
9854
8658
3515
1718
7458
787
1681
8196
5163
419
1409
2984
1720
1056
3516
4461
8464
2600
3706
1059
3011
7175
7199
2593
11488
2149
8512
2181
12226
6320
9938
2980
13069
4925
4933
8531
7527
6006
1310
11047
1380
9661
6535
