########## k_10_lmd_1_length_3644
590
3648
4668
9796
10438
2277
3573
5297
940
1779
2615
8425
3839
212
4256
5813
4693
223
4935
5129
4705
9015
612
737
4069
5814
8424
6121
2101
3684
1624
4071
876
761
4029
1703
5105
1463
6612
13
1715
51
4727
8714
3393
775
3557
4016
317
13104
8366
1325
9272
10041
3650
3192
8870
8468
3762
550
9141
8881
1635
8981
7012
5679
8488
10799
5294
3094
8456
6308
1089
10508
10844
7256
1132
902
308
564
11587
23
1820
8375
2811
20
10087
3088
10895
1011
709
9449
1555
5831
7472
4063
2059
6808
1460
194
2942
9978
11181
2517
6537
11081
5270
5197
4718
11054
2819
2248
12189
5598
3718
10138
6760
28
4347
5240
4070
3496
3324
3087
8269
4901
8445
1369
2572
1705
5182
1042
3849
9027
2139
10203
3210
6950
790
3055
4141
10802
2991
8985
2872
5293
5857
4647
1587
2111
206
2873
3001
7679
11600
8954
9078
6371
849
5548
742
7541
3489
75
16113
943
353
6193
10701
248
1400
2299
9779
5877
3093
1445
1088
9283
2657
2722
1458
189
655
5136
3756
3791
4817
2509
745
746
2769
61
2902
264
1752
8487
307
3412
108
5470
5491
10019
6889
7380
2915
2952
2953
3984
405
922
3161
4526
9949
4527
4020
3368
9273
973
4172
463
3549
4575
12769
4067
3047
439
3818
7174
4188
4120
4189
4140
559
560
3639
56
11089
7982
1770
5201
3163
4191
1086
2875
5253
5621
3540
5261
2706
2718
2694
610
1967
1777
6834
696
4057
4804
694
4829
10533
2337
8689
3381
218
11782
1138
278
10879
2562
2693
2136
1134
10500
4203
3831
2995
2816
7208
4357
3336
5900
4018
3858
3859
3863
2949
11279
325
1862
3402
1884
2307
862
4455
2091
2077
381
382
5599
389
5239
2970
5531
932
429
2481
5044
3129
2504
2962
1109
10204
5094
510
237
5558
1881
7542
1535
1923
10125
9365
729
2211
6598
12152
1858
4064
939
942
3043
1459
2312
7780
10736
5718
8732
3390
6824
4296
131
4434
5550
11582
6737
1663
7038
12195
7951
9313
8167
2154
4662
2155
765
2164
2176
9286
1406
9642
2055
756
12977
64
4164
523
9293
3999
3398
2189
4880
4121
7840
3630
2196
5881
7952
2357
2888
597
2216
86
89
689
109
4190
5750
5190
2894
2756
3669
433
601
7466
2708
4006
351
1691
3236
8349
9881
201
3278
8839
3394
2259
6172
5289
11095
3876
3167
8996
838
4231
8830
2793
9975
8812
1374
2295
7516
3659
8086
3758
272
5992
5908
970
5198
684
7916
1815
1780
6446
780
4119
8499
1704
2361
4426
8861
2234
2379
1890
863
8435
4450
4109
8718
3687
2322
11640
11647
1412
5184
5299
2439
931
5306
5006
2219
2448
851
2235
3992
3854
4123
8452
7076
3543
8662
4005
3821
4521
2404
4011
2545
6704
1930
960
7105
1988
730
4045
4768
1407
10789
6590
2240
11732
3314
718
4060
5808
5921
910
4276
5100
4274
3459
629
3967
3095
777
2015
9100
3607
2852
2179
184
4088
881
11563
6904
649
5673
66
67
3546
1512
839
3645
13377
7446
9937
3748
4468
2937
1482
2648
840
1578
9404
445
1866
45
47
329
9709
5071
3588
5824
2262
6789
3470
3753
8042
11114
477
3905
6186
1394
2536
6764
2797
7692
5489
763
3160
2408
844
12910
5048
8953
4852
3279
444
489
702
5953
9667
8218
9822
5702
3972
3085
4275
5789
7345
130
3927
4982
546
5361
547
11749
116
857
858
1734
1064
5200
3636
3372
7742
4367
1168
3653
3679
6920
5264
2197
11689
7900
68
9044
3437
5209
8980
3524
2237
2501
205
10369
5202
3561
3418
10329
772
12375
2828
10280
699
6364
511
801
6972
832
4421
2889
16715
12818
384
5211
3934
2916
357
2409
8047
1998
8048
2931
9851
4447
3963
183
58
443
5923
2473
8417
4448
6084
9706
871
9328
7694
3286
3450
7323
3801
8554
3946
376
1913
1484
9720
391
4872
522
4142
4295
2285
10108
5928
3121
1903
3860
6198
1797
3800
383
7834
7129
3262
6048
5938
4459
2283
3442
1032
1695
7746
4144
2900
8708
500
5683
4147
3152
4149
1119
4788
12290
2840
388
886
7783
11596
214
5768
2178
2187
9368
3227
11094
8841
7849
3378
3716
5000
11168
4787
616
4150
7049
11113
2871
850
69
7662
733
11182
8031
5065
1690
3319
3765
4851
8376
2476
568
4544
5932
302
654
2976
2876
820
3105
4587
10512
986
15258
13584
13045
13046
878
1758
5353
8473
3322
2918
70
11144
2939
764
898
3528
10264
5507
10146
2960
786
8899
5379
2498
255
991
6971
882
452
11494
12029
216
888
15548
1486
3084
4816
2988
3973
3385
10101
3078
202
8958
2567
5971
3592
3066
2730
925
4108
2804
924
953
3681
5203
3764
4869
4021
5023
5128
11792
5974
5210
5542
10486
1562
10013
3114
1586
63
4165
3830
3694
62
653
2026
15029
2198
10150
1973
2653
2728
261
4779
11459
203
6455
551
3829
3173
3360
8712
6452
5943
2356
5440
8459
2484
3220
16522
14195
2437
1542
7100
3012
1976
8353
4891
4220
8832
3179
15034
695
3190
10983
3348
6538
3840
5137
1871
9993
7831
2998
3157
6614
721
8692
3882
3928
817
8660
4254
8084
2830
10317
1796
4870
6431
11178
3337
11121
4079
2879
3738
12499
593
8896
298
6203
4889
5993
1864
4204
526
8797
2254
4646
3113
907
613
8776
5761
71
918
6939
72
5420
13351
1965
3053
3864
771
6289
3335
644
4255
3254
1721
2972
3320
2814
2832
809
8486
3388
2899
1677
373
3462
7194
8519
4511
1440
12328
9056
15118
4706
11083
1457
3216
2516
1666
8916
48
997
691
17825
1517
497
5205
5206
2552
3065
294
9331
81
83
920
1836
9426
4983
1978
8918
1656
8872
3284
10794
5138
6012
792
3244
7014
3245
1979
1786
13512
4884
13650
3014
6444
3208
11620
9648
8455
12738
8510
5357
2641
3606
4122
947
11934
7365
8253
1708
10391
3225
919
4676
2369
11115
13489
3079
6020
1468
4420
2146
2420
1783
6990
7749
4931
861
8516
9824
5181
10478
618
112
7915
3574
6271
4288
5263
5510
149
8969
2642
11975
9754
282
941
6313
6822
872
803
10507
6027
3230
1395
1442
710
4954
4898
2759
4306
856
2851
3305
3819
5366
755
5879
124
8558
2885
1559
88
1117
90
8649
3889
3293
1356
3899
326
3689
8091
2549
6483
883
10734
2997
6037
3287
8704
12009
5001
8616
12930
3877
4492
3985
2054
8642
1729
9333
467
6042
3497
6062
1472
3124
891
304
7622
3020
3025
3331
6343
8620
10432
4076
10504
2865
2893
3344
11710
1823
6053
3596
8442
845
1048
9334
7203
1116
2296
692
13209
12078
8934
7572
4929
3010
6349
252
3892
2336
99
2975
2868
1672
5757
680
243
10055
2400
10529
2895
3438
2941
3182
1963
3898
5191
3232
10742
8701
3030
14020
4576
14188
10978
2213
138
3912
1563
3238
91
3241
11816
1778
1951
4588
1644
2735
1043
8588
8301
11604
10386
1768
852
2762
1082
11908
3520
5946
3862
3986
2157
3996
8347
7855
3761
3893
3894
5290
3896
956
12208
3895
4993
3554
6066
478
3828
94
951
8854
6524
7439
4853
16249
1241
5139
8866
6068
97
9133
6620
6911
3029
4132
2748
9903
2427
98
459
2351
6009
1510
4349
10546
3351
128
8321
3811
3439
8322
8999
5942
11138
3677
10070
9440
6097
3482
6154
977
1537
5999
132
7009
13846
578
6099
10173
976
4258
5781
4610
10322
4059
6100
471
3710
3050
3039
3656
3099
2926
4812
2264
5231
13250
3712
3734
7820
4888
1829
36
5820
9830
5199
4952
3180
974
11625
7229
2116
987
2243
6497
7899
1968
5223
13911
7273
2829
4849
3308
667
719
679
11315
3752
2887
6319
4937
2246
2374
6344
1389
211
7722
210
2781
3809
5864
137
3063
5493
8970
7970
8629
293
828
7162
5949
1860
11155
8030
6495
8568
13969
1915
3732
13136
4466
2151
6163
6705
3976
4991
6014
4014
2993
437
6582
3518
9302
13990
1996
8145
5590
14106
2018
6173
2375
3590
2376
11569
10394
6888
3134
5485
609
11124
8194
789
1800
5255
4017
3906
9805
2401
2403
708
1657
10066
6395
5729
379
8342
7334
3760
750
10080
3064
4530
3274
6185
156
7806
1404
5739
1476
662
3201
3365
7370
1717
9794
6199
3405
8888
3795
7390
6850
3763
4981
1772
2936
1788
4868
339
843
2906
3926
1832
5998
8559
5611
6762
1397
1414
1433
5537
13570
10014
10913
16346
10907
449
3033
5086
1954
6997
8433
3643
8355
3067
2341
10777
12319
552
6736
486
4751
10377
2700
2701
2027
8644
12781
385
8380
343
8652
1570
1610
2774
4854
3552
4368
8476
2353
5407
2416
1063
3707
1847
8199
8517
8684
6028
2267
893
4498
7081
880
7379
4031
3824
4044
464
3717
2807
5389
6200
7508
8504
3188
4759
16136
3217
5522
3806
2898
7383
2741
8932
11073
6496
572
2914
4187
7526
172
3944
3110
2137
362
3002
9084
6211
5216
3772
7408
2978
1981
6615
8868
110
111
944
2999
143
4024
5279
3594
2583
563
8632
9406
5027
7151
6285
7568
1487
2933
4023
1536
2571
2426
2563
2432
3513
4922
2436
6511
7797
3292
414
6734
5827
9030
5490
1418
12498
2699
4500
4303
1877
7079
875
3023
4480
2048
10773
1994
8826
7464
1479
7461
428
14433
4438
13040
2446
2449
4670
3198
4855
3714
3816
274
11821
800
3979
187
1372
5196
722
14820
1000
115
3812
1659
2460
6435
720
6159
3416
3723
693
5435
9668
8816
9812
3466
1402
9818
1053
1465
6291
12011
7465
11096
4661
3932
9007
600
602
507
7724
4245
4246
5280
192
8076
3389
4980
10439
8483
2783
408
3878
3159
5368
9865
4373
430
8526
4152
10077
604
3456
3458
4997
4354
4199
3519
1984
5085
5088
359
9107
3071
120
799
900
10809
3943
3825
121
6516
8994
337
2457
1073
122
4161
16528
393
12553
1808
1
9676
182
3352
6687
2088
9963
3794
624
636
1388
6021
10470
6278
5778
3640
3757
3107
200
2763
2680
1417
228
2291
16118
3022
4348
16595
6411
1806
3642
6025
7187
2805
747
1868
1309
5973
368
3797
6000
1920
6032
2927
8893
4048
16596
6059
637
12866
16137
868
1421
2892
5120
3833
4238
8656
5585
10473
2035
338
3060
127
134
2184
8984
641
11147
3397
3903
6860
5172
1580
470
126
258
3614
5512
5372
2454
3035
2930
635
10039
3977
7870
3603
8901
39
458
2925
204
9460
1398
5686
6261
5069
7463
3615
11529
2064
4116
3678
7192
6692
4134
4136
4138
4143
562
565
6
10015
6269
4482
3702
7293
2736
1787
10932
3866
8697
3751
168
169
4778
3980
4409
5300
8257
3793
1755
3804
5303
3820
766
7936
999
269
4652
10471
4146
2877
2878
7135
5374
340
7207
4440
866
2922
1110
3959
1912
1921
207
3988
8401
4007
4055
8715
3037
1561
6116
6634
2465
4862
5381
140
9031
921
1985
215
5373
4304
4687
8700
3431
3867
4178
10738
3699
8879
1144
11537
1370
5104
10
4774
3224
7142
1499
4934
60
4277
11
3925
4101
1671
2468
7244
5853
4406
4112
4170
4171
8271
2152
8305
6310
1980
170
8390
6356
10501
10502
4370
287
2060
305
314
4432
8534
7468
6556
4513
4536
2492
448
13017
488
543
279
10130
8865
11588
561
819
2932
585
536
8847
9683
6085
2330
10048
704
10132
622
10793
10506
11317
2696
8846
11112
5121
4760
348
682
2921
11301
8904
4813
3193
753
2806
8968
3503
8989
352
11041
4744
2869
367
2890
2897
508
2456
2911
9060
5579
7037
2945
2948
2957
2965
4443
2310
10027
3021
3041
3046
7462
9702
8836
13000
4114
3057
3068
1756
1453
1037
5156
1075
3128
13016
3015
14669
3143
114
6074
3155
10206
11103
1597
3493
10823
11354
7279
5788
558
7781
5234
16759
5454
8725
1145
1845
3235
77
9418
3803
2826
2961
4176
10991
3297
3328
1155
3343
3354
7474
3391
435
9431
5657
1373
7434
324
7838
4413
3485
1044
9647
814
3289
1464
6241
55
4590
10704
1649
9686
11126
29
7653
7654
11798
10105
9043
3623
9300
3132
3629
9008
4186
3626
8640
5248
14392
7339
4462
9786
6132
3690
10021
6724
5743
9002
1674
5777
8784
2831
3733
3737
10127
3048
3746
254
11267
5838
3799
5849
4639
1759
7102
4249
5870
3826
5077
4131
8771
10020
10023
10057
1419
705
1875
5978
8028
3507
5438
6022
10571
217
9088
1446
8773
16125
3478
10228
2459
11140
1040
4075
7636
4281
2733
2755
908
3637
10820
3835
1607
227
4464
3683
1390
6167
899
9069
1895
527
78
2725
8412
3660
3836
8672
2839
4148
835
7602
4974
1830
1665
5284
528
5495
4003
1115
3499
1571
7971
3634
603
3730
9416
2966
4009
4499
4691
321
9338
7939
4118
3240
6902
752
4574
6747
969
2535
11165
2768
2977
2012
4848
3584
2982
107
1047
3514
8976
8777
2057
2776
3154
9019
989
5091
5799
5988
2717
816
6352
2834
12190
7798
810
9464
754
8428
9139
818
8429
3204
1051
13226
1156
7528
10129
4026
1568
3382
608
9430
7372
10126
2158
965
283
146
11723
3205
14038
6091
3185
139
1682
9425
147
7221
4407
3481
1079
1396
4115
2132
5669
5720
242
4222
3181
3231
4809
3872
3307
7934
2319
827
7172
12197
3130
2954
4595
2908
6878
5079
6152
731
2891
431
5533
1817
8973
3355
3356
3104
5801
1600
16714
2542
9432
2913
4844
767
245
8434
249
253
6681
3870
1375
8637
2074
2833
1612
10499
2884
432
725
8641
259
3168
512
8990
3183
6837
370
157
2630
5119
2305
2820
288
2705
7607
9643
2544
982
7935
350
1041
3913
22
3697
3571
4038
9082
5560
5466
161
1835
2817
3750
118
4124
2269
3997
2920
8740
2907
2671
3633
611
8986
15218
531
1626
10703
6093
260
1055
8537
3432
4514
164
6445
14094
3742
3486
2749
4051
3754
6265
9659
3526
10276
2082
8244
8634
5254
15211
3044
5473
4738
10145
1732
3847
1022
3380
8979
8489
1077
954
10362
9289
1524
277
17
16036
3009
7751
6051
4502
2297
1957
2084
7573
4549
10761
2614
6910
10260
3586
8993
158
2461
7222
2698
7492
3827
5393
6381
6355
9488
10676
9781
961
3197
10764
10122
4400
2497
434
1556
8565
425
3790
1673
5653
6574
3490
659
286
289
5641
1627
2083
2203
1072
542
8394
8420
7401
3670
10790
2122
292
6046
8770
867
3587
2358
2186
13915
9367
2985
4125
8795
10109
8432
5572
8679
6693
3991
4512
1564
1423
2190
3125
3
4362
926
7078
7058
4802
1454
3975
9377
3646
4564
5140
5013
8502
5083
11145
11123
6123
2029
5102
5103
2538
6863
1068
1527
3575
3350
675
7026
501
8638
896
743
2050
6098
3902
3739
3465
3807
8657
8661
11101
57
1349
9808
1466
5856
2983
148
311
8484
3981
3890
2489
620
7868
3445
3199
2912
6390
8842
2288
3384
3612
3887
11099
3396
9287
1955
4541
398
4734
5302
5305
141
6932
8788
2910
3433
1676
375
1938
5759
8721
3743
5825
3383
10339
2928
3871
3993
4302
11102
4857
3367
5539
3052
4505
2821
9063
3479
834
2160
1452
3572
442
7355
3122
410
15268
15269
7137
3306
349
3296
3281
13271
4517
591
3682
782
3625
10123
11228
5097
3414
6138
4247
3617
2585
6586
7953
11714
6970
2001
5848
1651
1541
2956
1953
424
16718
7312
4155
4160
2042
9049
2856
1643
1054
701
11272
3206
10440
3277
6357
3843
4867
5899
3362
7047
2109
9296
3207
8790
6427
5508
12405
11250
831
2381
1102
12960
327
7741
9417
5084
6436
12284
1999
2586
8521
4529
1936
119
594
4603
3731
1944
3685
8782
3570
4936
6480
5456
10497
10271
9429
12909
4334
5654
3657
8956
16132
1494
3006
5349
3541
3855
5160
7864
4846
3810
5096
1004
10079
640
2199
8731
3884
7271
9385
5230
8539
2347
82
6606
8544
13855
3563
5514
3686
6838
3364
5033
6153
7648
8727
3203
7231
3147
3662
10049
6235
3178
619
2037
6765
1081
3123
8982
762
1693
672
3955
5828
219
988
356
12006
605
10505
9025
371
2846
446
3373
2874
2986
8
7442
6392
10788
9
6342
10340
2938
14531
2943
4127
2511
394
11156
7937
364
582
2924
4050
736
8683
4294
3579
7471
2601
4384
6523
4905
3222
3817
3644
9376
6770
380
5192
392
6715
8586
837
407
365
599
5101
10813
498
3708
6061
1496
6948
195
3914
2087
3558
6110
4013
10514
6533
413
2855
1021
3140
7017
8793
415
2731
6626
5608
7118
9005
6544
7095
4579
2909
3969
2754
3211
2066
2340
11172
4043
50
2140
11628
5055
5355
3106
9001
575
8164
12767
2792
3042
4754
7333
4977
3538
6052
422
10796
1844
4525
859
10762
869
30
38
136
313
197
3861
5400
2862
8405
11175
3031
4015
5365
4471
3484
2463
10842
5257
423
7088
4282
427
1774
6071
6339
7096
3476
1016
2592
2849
1865
4445
12789
438
12361
4645
4601
2989
3089
833
6829
3536
606
8951
3038
3700
1608
220
980
567
4145
2250
990
3091
1392
4153
892
3711
10757
904
9962
824
8667
3937
3330
1641
6528
3779
3413
453
7356
8671
8562
208
6223
4928
10797
6690
8563
4987
2321
4205
10805
12813
406
10348
2955
8343
8647
8226
665
6429
7990
3525
4501
456
2660
1606
5751
3327
8151
8631
1650
8543
748
4139
1710
461
1658
1477
465
3693
222
11105
16597
8746
11673
10798
10804
4638
5566
1387
6221
570
3874
1851
8474
6575
713
7928
163
5841
101
3018
466
3834
1939
870
2743
4298
3740
959
1688
4107
2576
2723
1655
12057
238
3680
8467
229
230
10062
10901
661
4111
8863
9301
3661
6753
2541
8835
3883
87
5403
3323
3542
1520
9028
5471
8911
8054
3610
10351
1722
6576
5310
35
8666
1529
15398
8876
482
4665
673
9678
2610
8371
2827
12842
4673
8501
8823
475
1049
1009
7347
3165
830
4556
723
10017
3695
7330
5404
8495
2950
487
4350
10815
4736
54
8670
3577
1711
10498
3792
4037
3131
4677
15440
1317
11639
2715
1531
5684
15
281
8848
6746
617
93
9874
5148
5822
3288
4821
7583
1614
2316
5764
1443
11229
3823
1874
962
11280
879
6007
2107
4034
462
2662
12052
545
674
2837
2724
7351
573
574
2075
1617
5159
3096
1087
3073
3842
3239
1724
4769
11543
6134
10477
9860
4261
4674
490
491
4798
11127
11535
6287
3076
1530
4092
3054
3468
7956
1475
769
7875
3242
4418
6820
65
499
240
3261
4494
5823
1031
176
3832
791
3460
257
1162
3597
8696
1161
79
7824
643
3275
4823
1558
4612
1528
4636
5112
10341
8352
5237
2764
59
2645
4845
2853
179
263
171
180
4159
4154
11873
805
266
181
3257
8509
8511
1157
3258
2546
186
8297
806
2490
3146
1473
4151
6628
9691
8707
5905
16134
7202
16129
16130
1995
2974
10737
5459
2094
3325
4969
1522
8454
3875
5602
5402
5667
188
460
6635
244
8964
3435
993
190
2994
10139
7457
273
1046
1461
2990
4715
10739
3148
7094
10189
10042
10740
9990
4561
14892
515
276
4739
1480
4028
10384
8752
519
15373
5873
8733
12374
24
10092
10741
2163
2629
8971
4783
10743
10974
3868
6405
10744
530
153
3422
1894
7016
1933
10745
534
628
4515
8992
12776
3237
14355
8687
2002
10326
770
4100
457
3611
8384
1450
5099
6992
2904
7176
4353
8485
2850
3869
9308
9361
2450
794
934
1368
1439
933
4721
284
5925
4135
9275
9278
2335
10078
3805
4062
2935
9314
3688
5774
4528
3184
2679
231
19
5385
399
1714
3169
1120
751
4216
4737
390
4215
291
8864
2631
309
8451
1620
11574
3837
9096
9415
6341
4082
9670
548
1491
9650
4720
12679
8654
8636
1431
2005
6651
4217
517
1416
1943
1589
10532
1602
8506
1003
4999
7460
3434
706
0
4177
8374
4248
8898
2778
16670
2854
3080
811
4072
707
2624
4446
911
3987
2472
2714
7901
2838
3032
905
8873
5805
967
10344
7641
10076
3138
9135
4649
5983
11748
1803
4714
6721
3000
3492
576
4596
297
3452
9945
4781
3142
3058
8966
7456
9383
11056
807
957
2275
9090
2428
7179
10320
6551
2886
3982
303
8678
6682
6262
31
5267
4659
2009
103
3703
5676
1618
5581
41
5607
3704
732
8522
3162
5170
11518
8705
8995
3301
588
688
7525
2595
3857
8975
74
8783
2824
7060
1408
6369
2673
7013
10962
739
1698
1904
897
1141
7731
2636
3922
3463
5242
5690
8987
2271
6828
8532
890
2651
26
42
3701
241
1428
2348
5527
9163
1074
1038
592
788
8739
598
8933
2138
1377
3415
3970
2639
7354
3948
3709
8850
901
4520
4300
6854
5769
1807
2280
7949
3631
1573
299
300
657
5095
16
11134
14411
6469
3361
785
2218
6759
7193
5587
3736
1977
2500
1435
4764
1069
1767
6288
634
7
3303
2664
584
6131
5476
3008
3495
16716
10358
1680
1029
1849
8045
9277
645
426
647
6065
2825
648
4054
8574
11111
671
4573
9057
621
10463
3346
2343
1971
3521
11109
10852
5919
3404
225
5226
16760
681
4137
11159
4192
3550
2244
4278
8619
6973
3539
5981
4065
8553
6008
3622
1726
11122
3108
3311
1008
3971
9854
8658
3515
1718
7458
787
1681
8196
1024
749
1409
1585
2253
1056
3516
4461
1427
10697
3706
4777
3011
7175
7199
2593
3908
11195
8512
7447
8520
123
9938
8955
13069
4925
3551
8531
7527
5113
4047
5570
11090
9661
4941
