########## k_1_lmd_2_length_10735
8269
1129
1777
2311
2326
7052
12793
3044
1930
910
1437
3048
1478
1998
8159
3049
1514
1515
1534
7727
11482
3052
12271
8834
3216
3250
12733
2642
11248
12907
8204
3069
789
972
4713
2048
9865
2457
12866
13017
4443
5229
15344
9729
3070
9750
3079
6229
10948
8434
3080
9643
966
15327
793
15116
14995
5160
15223
15224
17123
15221
15222
4471
797
4501
3555
9029
4973
5148
3081
2848
805
16712
3084
3096
7525
8422
1165
7318
7859
10938
8708
3108
7585
8076
10939
6908
7142
3111
2279
12302
5725
9335
3116
10876
9356
12245
6571
2737
8392
12247
3122
8824
11315
10975
9957
7635
11001
6404
9129
12049
2841
12252
6967
4935
3125
13220
14250
2475
5061
10197
12250
12254
16394
8366
6691
9272
3127
3651
9284
9290
8594
4734
3692
7811
11372
3133
9372
1820
8375
10989
3135
4874
8472
7472
12634
11333
6514
8570
9281
9374
995
2044
11633
11682
7560
3083
2139
15132
11623
11335
3148
3150
3489
16113
3153
6151
9947
11557
3161
11559
15265
955
4057
2523
8263
3167
8270
7382
15459
1007
7873
5218
11811
3170
17615
821
2618
822
14367
3173
3179
3180
3188
11382
3196
3197
3199
3207
3222
3234
11431
11433
4711
4292
3252
1744
11447
8940
3261
11458
14279
970
5108
5972
1615
4719
5727
1962
8067
11636
8281
4871
4873
6666
7180
3268
11466
3280
4230
6030
3095
2015
5927
4850
2684
6981
2621
6979
6980
2382
839
3845
2142
10158
3281
8450
8032
4214
7717
8042
9825
9841
13696
3768
5048
16471
11474
11476
11479
11430
2258
11480
8395
857
858
1734
13906
6811
3290
3291
11485
6340
3294
1546
3301
5273
7327
9040
9706
3303
10185
5073
2130
9707
3311
11463
9711
10160
3998
3313
3282
12290
10256
15326
4550
12001
6930
7591
11507
2871
3319
1628
4
2045
10193
10192
17155
878
4487
3341
1678
5380
5379
2901
991
6795
882
884
5038
888
4066
2988
4538
7744
2799
894
11539
3764
4021
4022
736
3830
14540
2282
3363
6455
5633
3369
6503
9399
8832
10142
10981
10275
8692
3928
2830
10210
1637
4079
6080
15319
6115
7680
5711
907
11568
8409
3384
6289
10921
2010
4706
4598
916
2168
11584
5205
5206
920
3393
12364
5375
9776
11587
7365
10834
3773
930
13202
10263
5723
4701
3177
6772
11590
7617
3401
12980
1208
11650
4898
5337
11595
3419
15952
14223
3425
11625
11626
3449
5887
3331
10504
3344
3455
9778
9034
5964
11629
5
11646
11648
3467
8588
3480
3481
2482
4545
5575
11217
3554
8854
7439
2073
8866
9132
9133
9134
8758
8781
3483
1510
3486
3974
1946
3492
9086
4259
4260
5179
5176
5177
5180
5434
938
5204
3050
2264
3712
7820
1259
11690
691
1012
11695
10003
8224
10405
1748
11708
13002
6354
11704
3674
3515
8123
3516
11709
11711
952
408
4087
2210
867
15510
4530
4531
5448
7370
11353
7390
14846
2270
6144
3527
7322
10913
3528
11723
16942
3535
7157
964
1826
1934
1652
7469
11829
8504
1401
12932
11523
5600
3110
3304
3536
6615
7424
4356
6711
7747
6864
11730
6360
994
3540
5259
979
4518
4473
3543
9030
5490
3544
9987
1966
14654
11737
3186
5564
4272
2751
4839
11497
11738
11741
11500
11502
11503
11505
8946
11508
4886
4887
4890
9007
3389
3456
11744
5511
9998
10000
5534
3107
4728
2903
5722
3045
5997
9968
5618
2454
9267
17622
1507
998
999
10534
10806
1769
16894
2145
1381
11746
4178
1716
9693
9701
8524
4412
9683
9905
2548
3556
3557
6779
3558
6782
1595
1018
1019
9847
9443
9657
9955
11337
7695
4730
1155
6667
10775
3624
16244
3561
2000
3564
16246
3568
7817
3572
7816
3641
3574
3705
1039
6141
6106
4361
4712
5994
1148
3576
7130
7275
7276
3580
4755
7822
7790
6449
7406
4584
7827
6747
10425
3581
7290
136
8843
1047
16904
8200
9409
3583
9826
11782
7681
10850
2150
11784
3598
2740
4488
9369
14904
7935
3697
1060
11793
14094
3742
15328
11940
6120
1066
2171
3618
1959
10549
13387
9289
14234
11814
2802
11816
6176
15361
14180
6539
6540
6541
15352
15353
1072
2985
5701
1139
5800
3312
5894
4362
6049
3334
3575
1076
1078
2050
2399
10915
11823
3640
11618
3642
5614
2327
1490
4857
9871
11834
8147
2339
5652
4301
4690
11213
10075
9105
1093
1123
1094
5392
6324
1096
1097
15260
11836
11845
2929
1099
1100
1142
7880
1103
6883
3655
2669
3660
6684
8626
10447
13525
2415
12915
1111
1112
6361
6362
5982
6061
6281
6048
1124
13156
7826
1128
2365
2440
5784
3670
1892
5106
5776
2204
1136
1551
1434
1647
1865
2126
3673
4145
4153
1140
1554
6677
12836
3675
3654
4218
11403
6802
11421
11461
10441
12508
12753
2827
12072
16683
16684
3685
16686
11066
3939
12198
14258
3686
3688
3703
14263
3704
14266
10175
3707
2513
5109
1146
7475
3548
1152
1154
12390
5005
12917
16702
10222
2896
14324
1164
1166
3531
9898
11910
6917
10877
11412
11394
10462
10573
12691
14150
11063
1181
1222
1242
1249
5168
1255
1270
9444
1280
1284
5692
14947
1332
1351
15363
3463
6683
3721
16696
7354
3517
4300
3361
3729
11809
3748
11944
1376
12003
5996
4573
7494
3521
5060
5724
7639
1379
1380
1382
1383
1384
1385
1386
3082
3100
12975
6191
10312
3604
5399
10918
11635
9944
15504
2288
7946
7451
3413
11706
9019
1935
5030
3760
11697
3763
11700
3772
11555
11705
11707
10533
4062
8102
10014
1983
8826
8130
7336
4786
7362
10321
3812
9946
1391
12011
1580
6107
6887
5617
3825
5621
1393
7753
1621
1763
2654
2277
2170
2172
12021
12024
2634
7916
8721
3835
10050
14328
1756
3836
2589
1576
1834
9783
1606
2384
1648
2162
4477
1792
2389
1856
12031
2452
12039
12040
1699
12041
1964
2353
1605
2231
12043
1888
1639
12044
1405
1415
2689
3855
2093
1973
12048
1537
12053
2138
3868
1519
1523
3869
3376
2209
9417
11352
2395
1885
2148
1766
2156
1654
2486
14711
12963
2049
2063
1557
1569
12095
2118
2635
1684
1707
2220
2236
1725
1741
2256
1774
12105
1801
3915
3921
3922
3929
1957
12125
2032
1521
3957
2378
2263
1640
3966
7492
5319
1971
9523
1598
5313
5315
3969
5317
3972
3975
5321
6481
7770
7772
12184
12201
2062
2577
7998
4016
1601
2123
1629
2661
12209
4018
1675
1726
1733
2272
12215
2296
1789
1813
1814
4024
1819
2442
2386
4025
1886
2405
1904
1911
2435
4026
2632
1479
4038
1504
2532
2022
2252
1929
1424
9889
9130
4043
9872
12237
4047
7602
5047
2547
4051
2030
6751
4193
14442
14975
4054
14978
12248
4253
2222
8910
9353
8011
15189
4059
12964
4063
12256
4070
5257
4085
12289
12293
12299
15201
7116
15203
2954
12182
8628
2502
8655
10236
1432
1503
2433
2852
2191
1902
2596
2221
12306
1822
1992
12308
12309
2517
12310
11779
3087
4119
6894
12636
7679
2086
2383
4123
12317
8528
1816
7951
4880
3630
2756
12318
12910
2266
12326
10369
1498
2309
2187
1810
2215
2089
4142
1513
4144
6897
1526
2554
2555
12337
4147
1538
2682
4149
4150
2362
7809
2247
6641
2200
1481
4156
1805
1465
2561
4158
12358
4169
4179
2459
2467
2355
1972
1854
2112
4180
2668
5532
9925
2627
4200
10260
3490
11760
13637
8788
3306
4211
4603
2342
5175
5902
12411
2578
5931
1844
10805
1477
2638
5839
5841
5842
5840
2300
2870
11641
5500
1645
1543
4225
4226
7212
2121
2135
4227
4229
4233
1731
14534
12441
1771
1773
1893
4250
4268
16776
4269
2479
1483
2011
2041
1997
1882
2125
12470
9733
12285
3061
2431
1664
4279
1738
1670
4280
2359
8877
6739
9497
1500
1501
1502
1891
9926
12475
7304
1511
6013
1696
15356
2127
14269
14270
1791
4303
4668
16339
16340
16342
16343
12501
13935
7030
1683
13505
3562
3539
12505
2553
9312
9300
12514
6820
8236
9298
2166
2397
1548
1758
1969
1949
8920
7048
6350
8187
2244
8183
12537
2388
2047
11719
4351
2907
8424
3047
7072
1583
12545
5143
12833
4360
1591
1593
1594
6828
5956
12553
12555
7720
8663
8125
3940
2564
2192
2202
4371
4372
2276
1900
7516
1630
1631
12570
1633
4388
10722
12587
2106
2257
1889
10389
7963
4406
4551
12599
8707
14874
4422
14875
10527
14880
12193
12616
9125
4433
14392
12644
10755
13821
4088
2283
3299
2568
2476
5875
9951
12036
12645
17571
2480
9329
12948
2508
5237
5298
10133
4464
12662
6453
5383
5410
2892
4472
6794
6485
13483
6676
4118
3154
12665
4476
11435
1712
13686
14055
8432
12038
14601
12672
7953
14127
3364
8754
4485
12684
13118
4495
4502
16286
10174
12696
12702
4512
12709
12718
3578
6649
2675
12725
12728
12729
5657
2348
1841
12731
2387
1245
2161
1948
7271
2443
3487
4547
11724
11725
7074
8447
6232
12743
12746
4748
7899
16481
8294
4336
4558
11349
5024
6728
12757
3999
16159
13926
12765
4672
3327
2390
11684
12767
4577
12770
10463
12783
12784
8316
2688
1837
1737
2782
2656
1743
12788
5050
8197
4768
5087
6044
6075
6076
1761
1762
1784
11491
12789
4601
10468
12999
6712
16220
1843
3592
12973
12168
5835
5369
4222
9291
9295
12806
12813
12820
12822
2509
7947
15769
14885
2017
12824
12653
13362
12921
12826
9483
15475
4637
1795
6216
4638
1798
7301
3062
3451
4923
6787
2575
5685
7251
5435
15355
4663
6769
4766
4665
5810
2357
3647
5847
4673
12867
5483
5029
3004
2603
10108
8115
4677
2617
13824
4686
12880
12881
4704
414
11591
9306
9052
8264
12914
11588
2665
4726
10820
6122
4732
10769
4739
12940
7924
2421
2038
6051
5871
8842
5779
7118
12950
12232
12233
6187
12952
12046
12955
6551
8597
7215
5703
12089
13081
12961
12102
14561
5476
3300
12901
12090
10861
2980
6876
8746
2898
8151
5999
15723
1880
4662
6
9102
10137
9910
14272
14273
14194
3324
3607
5025
5027
11657
2514
2006
13288
2529
8359
2540
4761
4763
2658
9922
9392
1919
1922
5715
4772
2826
7736
3097
3229
8780
14962
9462
8057
15645
1942
10395
3204
4866
3755
3981
12968
2333
9866
1657
6197
4506
1967
2077
8732
4777
5933
7799
8767
6538
6985
4781
11878
2923
12012
4784
10356
4624
11050
11677
10471
14350
5241
7434
14000
8244
8245
12342
2114
13000
8273
14391
4184
8302
12401
10365
8323
10375
4235
6290
8365
8338
10482
8437
8438
2343
13004
8497
13013
4494
9765
8640
11004
13015
11010
10810
8765
12863
9311
13019
4678
4681
8778
4829
15823
8807
3871
13037
11032
13039
4860
10960
15634
8928
11005
4869
11008
11011
4875
11015
11016
11017
8662
4889
11021
3545
11024
9008
4903
4904
4919
11030
11031
11033
11035
13113
11038
11039
11057
4929
2880
2908
2913
9062
2920
13122
14981
11265
13318
7182
5153
15413
9224
9061
3174
3187
15480
7291
4940
9375
7356
3271
10446
15620
7430
7435
3345
3346
3374
7493
15719
13709
7583
13136
7606
13784
13137
7677
7678
9744
4948
4696
7704
11835
11531
9803
4951
13940
11003
8812
3758
11978
5921
14130
11230
8006
14164
3933
10081
3956
3962
12160
13144
13147
4964
13157
4969
13168
13183
16300
13195
13198
5007
5011
16305
5014
5018
13212
13218
388
13223
5036
16313
13233
13234
5049
13243
13244
10400
16321
5063
5070
5077
5078
12239
13271
10238
5081
13284
10098
10162
5095
4274
2626
8739
10929
8505
5098
2024
2640
13292
4635
5901
5955
13293
13295
2039
6580
14802
2217
11219
3827
7716
5110
3584
7556
2565
5111
8080
5732
5120
5718
4190
2404
12369
5121
6803
2771
390
5129
11516
5138
11512
5139
11517
10201
2079
13333
2230
2090
11364
2159
2108
2109
2670
2110
5854
13334
8178
13339
10416
5159
9591
4082
14819
5726
13352
7
6799
2742
2607
13360
12919
5172
11399
11247
6097
13481
14911
14912
9447
9469
2165
6730
6733
13632
2174
2175
8503
5173
13367
7629
8031
5182
14009
7246
6255
6327
7819
12592
9457
4342
2212
13012
10880
4705
11164
5568
13375
14609
13379
6707
3192
5016
9784
12000
10087
3088
5918
15146
5190
8216
2791
2505
10886
5966
8280
2248
13383
13388
11328
9481
11664
11627
10984
8169
5643
16494
2268
13974
11830
15562
13391
5200
5202
8277
10459
9078
7541
6193
12216
7615
11630
3000
5210
13730
5405
7107
7127
6584
8148
6367
14326
6650
2307
9386
13452
13408
10780
2312
12641
11582
11805
2328
2331
2520
13412
5221
13418
7685
5151
13359
9792
10350
8830
13419
107
16673
5235
5238
13431
16678
15665
5426
12600
13175
10116
3498
11754
3160
2345
2346
13812
2539
3372
5664
11825
11475
4475
4430
8051
5593
11947
15443
6996
15444
2371
13054
17670
6420
2391
2392
3424
13434
13439
17204
6385
4359
11094
5254
9924
7011
5258
13584
13466
5874
10264
5666
5926
15277
3385
3078
12219
4724
5275
3137
5297
5299
5303
13500
14925
14539
14930
13521
5348
5350
4197
14446
13426
10347
9083
11915
10099
10426
5578
8969
13096
13145
12647
8558
4467
7547
8616
8620
4546
11212
23
5361
10742
8701
10336
5366
16502
6748
13559
13562
5372
11658
11756
5781
5818
5819
5820
5374
13575
5478
8648
2503
2506
2507
16141
8262
13857
13577
13084
13582
2518
2519
5400
8058
5403
11073
5404
2530
4896
2583
3631
4682
5427
3715
13596
5432
9663
6994
5433
8828
13626
8608
6679
13638
11473
5240
8408
5457
5459
10077
11766
5460
13653
2569
5843
5465
4877
5467
5468
5472
5792
8397
4410
89
2594
2598
2599
5475
12853
4953
2927
13672
8507
8847
8215
5484
6415
15337
5131
5488
4449
4881
5495
10206
3102
5771
5497
8772
3298
4083
5499
9726
5989
12969
11812
6724
10127
7102
5503
7532
2663
5516
5519
5306
13716
5527
5015
7726
14440
7971
8579
4499
4691
2704
5528
5588
2709
4725
8976
5533
16902
2717
4081
8815
9139
4469
7684
8859
11444
11958
11960
11963
9407
11959
11961
11962
9318
15423
15236
3947
2729
5535
14030
15422
13355
14940
5536
11334
13732
6590
5557
511
5565
384
12897
5572
3716
13781
13943
8050
16511
9859
3226
3465
13764
3744
7868
14923
986
6393
6932
13086
13089
3367
14667
13155
17823
12710
5598
9033
12960
10699
10190
4589
13992
5599
13241
5628
4846
8731
4628
13794
16260
13855
7285
14465
2924
11926
11477
5604
6929
10514
8988
7470
16256
5606
16258
16259
5616
5620
5623
12169
16266
16267
5630
15390
5641
13228
10047
5654
5656
13849
5660
2767
5665
13861
9970
2770
6593
8455
8238
5686
15238
5698
5702
11465
5713
9728
11822
9795
13668
5326
12502
12506
15970
11813
16248
13014
13583
14097
16167
3146
13124
6500
4967
13688
16250
16251
5717
7915
12158
13255
12279
2786
6226
5730
8110
5741
6987
137
5278
8624
7874
8135
11286
5755
11553
13951
4175
10841
9705
13958
6689
11872
5242
10117
10154
5769
3430
9524
9690
8053
13964
8794
7193
6131
7235
10358
8152
5773
12517
9854
7361
8464
3945
5775
5793
2824
8650
4133
5545
16607
6713
13025
8715
2835
2836
5799
5809
5812
8631
16708
11470
10088
10257
9804
5243
9961
10194
10071
9092
9800
5813
7687
3074
6188
4445
4669
5814
3120
3779
5817
11079
4986
14200
14584
2817
3338
5831
14032
11602
6710
3034
15992
5766
11440
11596
8634
16521
5965
5265
5855
10013
5000
5857
5860
6205
12482
12287
7908
2900
6377
7148
2905
13783
7514
11449
7004
14057
5868
12716
2918
5877
5740
12147
7843
4932
5878
11761
2935
6294
2942
17831
4749
4824
2958
3263
5880
1869
16715
8922
10992
5881
5688
5691
5987
3567
14091
2981
4080
14093
14095
8470
5907
5912
5915
13273
4560
3007
6002
3013
10304
3018
3807
14114
3024
3026
4065
3029
5158
5245
10898
5525
5923
3233
2571
5906
5928
9928
5937
5938
5944
6196
16602
10953
3077
7623
13285
6156
7233
3089
3091
5947
3605
10963
11661
8352
10562
5952
11763
3219
3103
9472
428
10526
3105
12679
3109
6023
10353
10052
3124
10807
5736
15498
14154
9454
12328
5967
16664
14160
5971
12758
6616
5974
7674
14170
5993
14187
6001
14201
3495
13659
3129
6012
6946
1808
3132
10156
3136
3138
3139
3141
3145
11715
3151
3157
8038
3159
3164
5895
6020
16022
6027
6031
9478
11614
11428
3172
6033
3176
3722
6036
7605
6951
3195
6037
7446
3200
6042
5114
7049
8017
8018
3220
6053
3228
3230
11604
6572
7054
6743
6426
3253
6058
3623
6060
4470
3265
3267
5867
6064
9931
8552
3276
6066
6068
9702
14264
3288
6094
3366
12348
14498
6099
8542
4099
3318
6831
7387
13871
6100
12882
6432
7133
3857
3333
15250
4019
3337
3339
11456
3347
3352
3353
6140
12453
6147
14347
8442
8318
3365
3368
3603
8223
11575
3377
14351
9950
10849
6162
8658
6163
13656
9371
6835
6168
6173
6179
6185
1044
4074
3708
7610
3415
14290
10565
6775
3428
3432
7671
3443
3446
6095
10809
3460
4651
6199
8717
11739
11786
6200
11731
6207
6796
3504
7444
10481
6211
5181
14409
6230
5569
3522
3523
3532
12267
3537
9644
7095
14428
6237
14432
14433
6253
6254
14447
14448
14450
14452
6261
8189
6501
8593
6269
5010
8595
3590
13892
5430
6181
3614
6714
3615
3620
3621
3629
7683
3634
12370
16742
14612
6270
10700
10152
3646
6098
14478
6295
7596
3657
14490
3658
6309
10539
13679
14511
11550
8004
6251
13098
5035
12085
8680
13885
16560
15283
15302
13578
9703
15307
6323
4135
14530
6347
5882
12842
17135
3696
4543
8425
6351
5252
14546
14649
14552
7861
14559
11781
10520
11758
11745
11603
6933
15305
3714
8789
7696
5676
4104
2983
8889
7780
8825
6381
5797
3750
5308
6382
13344
6388
8996
12511
6390
8668
13598
13111
8040
8510
6399
14598
4539
12874
11312
10186
11227
8868
9505
10735
11432
3723
8104
7548
6409
5571
6410
9539
8414
3478
4613
3749
6396
3754
16509
3796
6427
10469
6659
14626
6436
9737
9767
8755
6292
7325
9670
9695
9710
9724
8357
16544
4478
8474
14631
15503
6462
10717
5729
15467
3776
6387
16437
6480
7919
3810
8630
11344
6487
11467
8481
11471
11469
11481
11478
11095
6490
8553
1081
14738
12668
8439
10407
6039
17626
11771
4391
6515
8088
283
6521
8039
8005
6105
13411
6523
4124
4971
6678
9836
6533
9837
10225
3808
6454
17146
11530
7423
8356
16118
7634
7576
6543
10297
4157
10105
5012
4148
6544
13038
6546
10122
6548
8484
6964
6549
7729
10271
12324
14749
14750
14753
14466
14762
14972
9057
7270
6575
6762
5859
14771
6591
13975
14784
15533
7357
6610
14354
14804
5192
3832
11895
12512
14810
14813
6628
1104
8525
10090
6635
10097
8231
3997
14831
7447
8881
6646
16549
5041
6651
4064
7894
13117
9640
4534
7670
10322
9995
10058
6699
158
9403
6504
13622
8066
2207
11572
2592
8391
10367
6682
6697
14894
2849
4815
4308
3874
163
3902
5423
6750
9991
8113
9990
2853
4528
6759
12449
12347
15131
11049
4408
3924
14954
3930
6766
9555
14963
12303
7765
10431
17590
12047
15134
12307
5028
5026
6559
3949
5941
8974
8547
6609
6378
6776
806
6852
16333
6785
6789
7366
6793
8354
11975
12142
13194
9805
6823
15017
10473
8984
8149
10342
9304
6830
6536
8400
8139
12120
7699
8320
2715
7477
4782
14322
8927
171
4924
12797
9143
4177
7966
13674
16692
13252
6855
6639
14655
6228
14858
8636
9339
9348
6856
4972
8933
9336
12666
12059
11040
10697
10719
12030
7473
6464
7425
17351
13430
8100
5104
4770
6861
7010
12865
6865
6869
6872
7405
8713
6896
6902
14059
12541
8981
14168
13199
14914
15096
12186
6910
12189
6916
16386
6939
6948
12228
4141
300
6973
10723
12714
15085
7002
15200
7029
5455
4188
4189
4191
17612
15232
10986
4203
4387
9876
9292
12958
434
7045
12804
4223
4228
11685
4231
4232
4236
4237
4240
4239
7050
4242
7056
9712
6259
10733
15279
4264
7857
7066
4275
7675
7484
16767
7311
6297
7068
12081
13621
16056
7104
7106
12107
7117
7137
7154
12173
5089
13306
15364
4291
564
14296
7178
14984
694
183
7186
9727
9755
9735
9721
568
4415
15382
4409
4608
12161
7221
4318
4155
4323
10603
10329
4332
13836
10278
8761
11323
12515
13897
16567
7522
7237
12887
8797
5220
8805
7238
7241
6274
7254
7261
9068
10896
7263
14999
7287
3008
9
15485
7295
7303
7309
7313
445
2484
16556
7329
7345
10418
15538
15539
15548
16569
12988
7368
2879
6848
7379
7383
7394
15609
10793
7421
7422
7426
15622
15630
7407
16568
16562
15631
12564
16156
8479
14177
14141
7442
7452
4429
13646
9054
15702
5178
6511
7144
12151
7453
10115
12437
15241
7458
4510
6142
7152
10151
7462
14772
15295
14785
8656
7463
7468
7481
12965
15676
8697
8700
4338
7332
14790
14644
9089
4363
4364
9440
2805
7505
13928
4375
4376
3015
4379
4381
6817
4397
4401
7128
7523
4650
7531
6569
16117
7499
8672
4974
10923
4552
12906
4621
10159
2624
4411
7563
6685
14760
6596
7565
9813
8227
10909
15761
7897
7572
7587
7243
4441
54
3275
10251
6813
7055
673
15784
15785
4836
77
7337
3011
1612
16453
55
13447
10706
6194
4483
8274
8246
7688
850
7689
15790
7508
11460
15792
4508
4509
3797
15794
4438
87
15797
601
3854
15800
5211
5853
15803
10825
1375
15806
9976
4125
7608
869
15810
870
103
4202
15814
749
15816
9966
4818
12929
6988
11255
9385
4540
231
5134
8769
10942
10943
3837
2037
10949
10950
10954
10951
10956
10498
10045
10955
9154
119
14404
1452
4559
7631
3833
10541
11107
7633
15826
15827
2427
1917
148
8
1408
2178
2324
8127
7441
8864
11574
4989
5655
7259
17
15837
430
15839
4623
6299
4632
4633
15841
4639
3872
4859
10878
2630
3244
8532
11153
3991
4151
12462
11580
3730
9696
9817
12573
1976
15732
15849
7349
7877
4689
10838
4692
12264
12265
4697
4700
7491
15411
7147
16288
13945
8501
6695
14586
15850
5940
9273
9326
4738
16927
14657
7974
6412
7660
7036
6428
4805
4750
4751
4752
4757
59
16441
7662
393
61
7665
1086
4952
64
15860
4780
12657
4785
68
69
9297
70
7672
15865
5579
9740
6807
7889
17798
14669
13450
4808
8324
6669
6670
5872
6656
6621
4827
4828
5454
5461
8790
475
15872
476
16910
4838
9981
4847
7272
9739
15874
3805
8451
8629
7457
3551
8893
10307
6778
5942
11510
4895
5767
281
6183
613
8209
7666
7226
4917
60
3442
15883
12397
9614
15884
2035
3190
16768
7090
15887
62
7832
9793
11637
15889
123
2932
3839
4965
12762
6150
4970
16718
5562
8003
13
6526
6283
7883
4998
537
8653
4647
5017
5019
15895
1587
5021
7723
7315
5689
5034
6723
26
7719
13384
75
13328
7053
5072
5074
5075
353
439
1138
8821
9853
5611
7751
5116
15907
131
7995
7718
10600
5146
10355
7810
13112
8389
15911
5165
4121
3236
5289
684
5808
4276
184
12957
11184
3094
7739
12781
7865
4811
3286
5219
5225
6085
15067
3801
10163
5382
5260
16125
11624
8267
11815
6450
8489
11796
10111
8923
12510
7648
733
7733
8688
7557
6267
5353
3322
764
255
5339
14942
261
8459
4878
2832
792
282
15937
7746
6433
10470
9893
7132
15218
11521
5914
5376
11279
803
3877
13322
7986
15943
16450
3892
16452
11876
11402
14513
9396
8931
13542
9450
10006
12585
14140
12681
13201
3898
7755
6786
10980
5421
6288
5422
15948
15094
13163
11952
8599
14330
8171
8686
5443
5960
5635
5649
7758
10038
5896
6995
7760
12886
852
6668
5680
5678
854
5951
6054
10070
5574
12918
9055
5936
15707
7519
13862
5498
15957
5505
5504
14349
5640
5509
5602
6497
5513
15959
5524
5770
5981
1389
13617
7769
5559
5651
5805
15962
5563
5731
12737
11450
11208
11686
5493
15964
5605
10676
8568
5626
5631
5632
16497
10908
5645
5646
1915
10183
17959
5668
4991
5783
5677
8013
5695
5709
5710
10224
8584
10277
11718
8622
7044
8218
9131
5733
5735
5738
7566
11772
14254
7778
9870
5782
9362
5786
5788
11448
7779
5485
15016
9117
4023
15974
3513
12221
7019
5848
13758
10255
9672
3022
15979
4048
3028
470
15983
2524
12399
5863
5865
13499
12970
14275
9996
12775
11253
10
9405
8301
7761
5909
5910
5911
12971
5920
5922
6438
11
7797
14581
2060
13171
11776
7486
14
7800
8870
5995
536
15994
7326
17163
12521
6074
558
826
4413
10538
16000
11728
1460
11222
6041
6790
705
4930
11330
2755
10004
13685
7813
6773
14062
6081
6082
6083
6654
3272
6090
6233
7302
16492
603
16009
7818
1056
6468
7169
16012
8901
291
6132
14504
8075
5474
3239
6169
14506
7218
6822
6260
16016
6204
10017
7503
6189
8848
14730
6886
374
11131
1017
6231
5290
6252
7828
6342
15303
10230
6282
12
7830
7490
7489
16023
7630
6366
8256
6819
4493
659
6421
6325
16027
6331
348
6335
6458
4788
7834
1068
16610
16031
57
8478
16033
6383
7445
8449
6577
768
6586
16036
7871
16038
6594
4683
1102
5076
3181
1999
8793
82
12459
6434
7504
10320
11445
8975
7278
1897
14861
605
13838
6465
13921
6560
6989
6473
8177
3392
3215
2885
16048
9913
364
13057
16050
365
3447
1021
3140
16055
7864
6052
17796
16496
6143
7205
2986
8886
12096
824
8364
9404
16219
7869
6566
6567
16062
7964
2743
9111
8062
1688
9359
11795
12205
17817
11196
6617
1655
6234
15
13055
769
1026
643
6629
4612
14227
6638
7431
1157
6915
16074
8106
16326
6870
6701
8404
8384
8052
8363
9511
905
15275
1803
6729
6738
897
6797
8682
11824
9918
6768
7438
17858
5893
13480
1038
1807
16
785
914
15354
2963
8158
8212
10883
9694
9713
12023
13881
15492
1663
13087
16092
6868
16093
6873
13588
1981
6913
13240
16218
7339
7112
7255
10076
10543
6954
15532
16099
7896
6969
15188
6993
5425
2615
7020
7348
16128
16779
12146
10249
14060
7762
7763
7051
7381
7450
11936
182
185
8853
5627
7913
3648
831
194
4418
78
16111
7928
7939
12246
7954
7960
14868
11305
7091
7968
11098
7969
709
7984
208
2254
8037
1109
8101
12673
8116
1110
10561
15267
7614
7592
7123
8124
7139
8137
8164
8166
12334
7158
9858
7167
7582
9831
9834
12121
8188
1666
7187
7190
7189
14869
15366
7195
10540
2318
16926
14996
14622
7207
4503
8282
2588
2608
7244
2609
2104
9972
1849
13119
7991
8596
10300
7305
10677
7340
7341
3932
1986
2372
2381
7373
6612
7391
7395
12868
13239
8924
13920
11259
2659
1896
1809
19
5890
772
8186
7433
9774
3295
1542
8097
7568
2407
10393
3064
3042
2501
5980
7554
12936
7569
5979
17576
12841
10795
13151
7870
12523
17575
12275
17577
5055
7898
2754
1476
197
7609
5747
467
12583
2936
4187
3292
7667
7668
227
8413
11578
1895
7725
1387
11534
6005
7771
5990
12693
5215
10216
3908
4006
4295
4747
2833
7860
7862
16539
4660
6298
9468
708
21
874
7937
7938
11389
9384
16947
22
7976
591
8637
5296
758
11161
6937
16281
11048
16823
12298
6990
5295
3762
248
699
14199
12814
5137
6146
8024
8041
8044
12493
16462
8911
8054
8055
8074
3757
8929
8775
1131
29
12050
8146
12052
10385
8165
9268
1054
4127
13671
16700
1057
10754
10756
10752
8719
8297
8646
8673
10737
10739
10740
10741
10743
10744
10745
10746
10747
10748
10749
8207
8208
10532
9613
3106
8228
9766
8242
35
8295
2158
8339
5208
39
7722
8344
8345
11552
7724
2895
16327
16593
8379
5170
14647
10784
13050
14961
12705
563
4670
10325
13376
242
13305
11912
15416
308
10311
9802
8512
12226
5203
11047
8575
7258
17122
16901
8659
8675
8703
11785
8961
15463
8760
17039
8820
13348
9984
8849
8865
2653
608
6744
7342
3687
8954
9003
9005
9006
10315
9021
5226
9065
359
9137
15479
10711
4721
2930
5746
4029
118
6265
9090
9299
3130
5248
9310
12119
130
4885
4745
9397
9907
654
15439
1168
11105
9410
9415
13317
9459
7994
12073
9543
9660
9757
10451
14580
11598
5266
11740
11742
11743
11747
11748
11751
11752
11753
11755
3224
2330
9768
9669
9685
9719
12838
5284
12615
13936
5292
5293
9908
5294
9897
9930
10952
4199
2745
189
2466
703
10865
10102
2241
8156
10437
202
2919
11673
10372
9939
9942
2762
12360
3794
10032
10134
215
10135
10136
10141
10139
10140
10144
3803
12738
14588
13691
15767
10002
10198
10113
12117
10039
10042
2269
13467
743
10181
5360
10492
13224
12664
12444
12109
5355
10128
10779
748
238
11292
10171
10177
3823
11589
11593
776
1084
3824
12418
10268
10269
10274
4849
10302
11692
10449
11599
10545
754
13722
6364
10575
12494
10768
10785
15129
10794
12542
13207
14455
5757
11736
11060
15000
8488
11363
11532
6392
2811
6537
12365
11524
11525
13077
8445
11544
17037
6914
10500
15273
13104
10368
13929
11579
11605
2538
13311
12677
13062
14345
15491
780
12292
11783
2322
12100
116
14683
14832
12414
2151
7400
3864
4961
294
808
12028
12069
4393
12229
2350
12332
4400
3378
15605
13997
13200
14358
12786
13813
17190
1786
13028
13677
13072
17847
17185
17846
13092
15477
13107
13110
757
13172
13181
13191
17603
13437
13532
318
2377
17614
2893
13670
835
15696
6583
14083
14125
14184
2906
12231
324
837
14469
3914
14550
14573
14674
14670
4941
6642
851
2966
3927
3418
7652
15699
15700
6491
11223
891
4448
871
3946
1903
10101
16373
1022
3134
379
12577
1404
4500
4480
5866
2977
80
9963
1417
1421
896
10130
10132
8554
6715
6719
5358
7838
8094
4848
425
4013
8860
4015
7088
7096
6585
220
5566
3063
101
4034
1475
5282
4907
1995
460
244
4561
2002
1491
3032
7641
5084
6308
8163
10214
4347
494
2545
10226
1011
6854
507
24
962
7752
1866
2780
7794
5428
4790
108
4109
4794
4795
3684
11971
7014
6704
5270
278
27
5444
1695
9253
8879
1073
312
4597
1394
74
5464
2271
3701
4746
5424
7686
3759
5832
760
4270
368
435
372
759
243
10062
13676
7456
8995
5149
28
14619
206
783
6225
216
3054
953
4095
8740
1536
6161
2563
9732
4620
9796
10438
6159
528
16608
1041
10508
531
5140
6440
5437
9749
13035
9753
2902
30
14181
7712
5154
9763
6576
6696
4649
9771
3628
10736
4653
6138
2950
1117
8852
13261
2614
3394
4541
7230
10022
3659
4106
14108
8718
3813
7776
6734
11840
594
5582
7257
1116
3677
5056
3678
2655
3680
7266
3844
5648
15122
7389
15334
1134
7437
113
616
1656
2169
4544
2976
8315
124
1043
12608
7806
641
642
4800
11358
4960
1671
4744
11542
139
14119
961
3053
141
7312
16473
9056
6293
2971
8343
7875
13650
153
2714
6303
8253
10391
4097
1698
8358
10507
6321
2746
704
8649
10734
195
8704
8748
211
12027
13208
13209
3010
3056
3182
6093
3238
3241
3317
11908
13590
3351
3439
3482
13790
214
3656
7821
9431
3734
4315
9436
7593
223
737
5858
6371
742
3818
14816
7404
13570
12236
10710
3552
237
6384
756
689
2295
8960
11562
11563
9709
11564
4367
12561
3860
3800
2840
8192
4891
1825
11561
298
1836
11565
11566
8199
304
2865
1842
4915
5946
6280
5436
4831
2243
2887
4937
11569
1800
3405
339
6997
343
6492
9609
3117
3936
6345
6496
2914
7526
3944
362
3952
3441
7027
2831
6516
11570
12406
6021
6534
10893
3240
2951
12190
3977
3980
6034
5144
2456
4249
4003
10114
3499
12524
3500
668
431
432
7607
5560
954
3009
4549
6089
9674
3533
6606
2511
9682
3031
6108
990
6624
4602
2956
18
1002
10247
12405
20
4529
8782
2541
15082
3203
1520
11174
1009
9716
14527
6134
3923
1530
3698
14641
4092
7756
142
176
177
8214
179
14397
180
10167
10488
181
186
188
190
191
193
15373
10092
10351
11046
628
6262
13216
31
1023
32
1377
1024
391
13116
11535
8753
114
12499
3505
11797
949
13902
9810
11873
2969
7038
12260
3867
10777
33
10179
4355
10182
10184
10187
7529
8221
36
3208
8172
5193
3681
16670
3960
2562
9445
3602
6686
1058
41
42
3948
1074
2105
85
2650
9323
1132
4718
5239
2179
649
8045
14215
13925
5789
4787
3765
8376
8896
11973
8844
9428
8957
715
3274
13515
8930
10959
1063
2267
3806
15079
3816
16112
2803
1787
5373
9482
279
10525
10800
3126
10813
10814
10025
810
8876
3284
11518
4407
3913
3404
5466
10079
1887
3649
5473
12787
12131
10773
10821
16232
16233
3445
375
11317
3993
11612
2997
12284
4505
416
10286
1953
1456
3570
3006
3541
10712
988
6110
6626
10899
5420
5608
2028
37
38
313
4282
34
6339
165
3815
9420
6029
9422
15585
6223
8103
1658
1851
8232
9301
8234
3610
544
40
16484
554
93
14777
2107
11820
1087
65
240
79
10833
3257
3258
100
5905
4210
8810
957
13603
1141
3709
12795
8890
16235
657
3736
5785
45
8714
10701
47
5281
674
16240
13094
7467
8872
6829
12779
8878
9486
2227
7863
1722
14362
11379
12008
2768
11424
11985
9762
15618
10029
16175
8247
1827
880
225
7542
739
6373
3814
3817
3821
3822
751
241
15058
3595
9460
1783
761
9978
2819
3849
3350
12042
2991
12563
10340
11022
4058
15655
4753
7982
2875
3390
3909
3398
2888
16204
2894
16241
1374
11616
1890
58
16236
16237
63
15727
881
13664
4982
376
1913
13204
383
319
9368
2876
4587
9101
2960
5869
925
5023
5542
71
8348
2975
12425
3912
9520
11703
8639
3520
11201
4853
11720
459
471
3039
5199
7162
486
2027
8684
8173
7151
10235
3071
72
1388
4238
4482
2736
8257
340
3925
7796
3493
254
43
44
9883
8265
10499
4484
7573
1673
81
2190
4802
5013
9878
3739
9885
9886
9884
9888
1441
5539
4517
424
46
9887
3266
4936
5456
1494
599
83
8205
2410
5232
88
1529
1531
8574
4196
4776
7172
6291
5613
150
8750
6430
2978
686
4798
2239
578
8773
13511
10703
4845
11632
6698
90
3979
5004
12817
11543
1955
96
99
4684
212
4693
7640
12639
612
4069
6121
14331
1624
421
13593
10091
1703
386
403
1715
9027
10203
51
317
13265
4607
16124
1065
7417
4399
8306
8307
52
6808
1855
53
9122
7455
841
6125
15310
8303
6674
7224
1400
2299
12393
3459
1623
1300
3093
8627
1088
9283
2657
625
6460
2173
7812
655
5136
3756
3791
4817
7397
745
746
2769
8457
9980
11527
264
1752
8487
307
3412
8945
346
5470
5491
10019
6889
128
6017
2952
2953
3984
405
922
5022
16432
3019
2808
4526
4527
4020
4001
973
5222
4172
463
3549
4575
12769
4067
1020
6658
7174
8321
4120
8230
4140
559
560
3639
56
11329
7234
5201
3163
10338
7795
5253
1158
8322
5261
2706
2718
7343
4273
6834
696
4804
132
2337
218
17631
7035
1257
3831
5371
2816
4357
3336
5900
3858
3859
3863
2949
8327
325
1862
3402
1884
862
4455
4979
7034
381
382
389
2970
5531
932
429
7093
2481
4395
9031
9032
5044
15300
2504
4571
10982
10204
8836
5094
7781
510
3090
8515
5558
1881
8840
1151
1535
9002
1923
10125
9365
9325
2211
4052
6598
939
942
1459
13492
12854
2233
9433
4105
7775
12197
1085
5826
3591
6214
4296
4434
9400
4921
992
8332
12235
8167
8333
765
9286
1406
9642
12311
8203
6700
8917
4164
9646
523
9293
3725
597
86
109
4722
5750
10339
1728
3669
11713
17168
3727
2708
351
1691
8349
201
3278
802
8702
2259
6874
3876
12005
2793
9975
5331
262
868
8458
14410
272
5762
11406
5908
13487
1815
11652
13080
6446
2864
8499
2361
4426
2379
2380
863
11655
4450
11621
8342
155
11647
1412
5184
2439
5006
2448
156
3992
7580
8452
7076
4005
4521
6726
4011
8355
960
7105
1988
730
4045
12776
11726
11729
11732
718
4060
8736
3051
5100
9099
7507
11712
3967
777
8589
9100
7065
5673
66
67
3546
1512
14893
3332
3645
13377
9937
485
1482
2648
166
10759
172
12316
15047
8372
329
3115
5071
3588
13093
5824
2262
3470
3753
5551
477
3905
5708
2536
6764
2797
5489
763
14086
16519
444
489
702
9667
9822
187
9736
3085
9742
685
9758
546
547
8741
1064
9770
3636
7740
7742
5697
4163
3653
3679
9945
192
5264
2197
11420
6311
199
2237
205
8312
7393
7399
5363
6389
10280
7948
5398
3865
801
6972
832
4421
2889
7003
3934
2916
357
2409
8047
8048
2931
3963
11842
200
443
6084
204
6103
207
9698
8685
9714
9715
9720
6655
4872
522
11790
12249
11675
4825
3121
2229
6198
1625
11509
631
73
8401
1032
8402
9756
8222
5663
213
5672
5683
4173
3152
1119
3600
1642
8406
360
8211
5768
15506
1174
3227
217
2206
7849
2223
4126
2238
8412
5322
9427
6875
224
226
4851
3321
4389
5932
302
10031
820
11571
1850
315
5439
221
8419
233
3410
7520
8569
2939
898
5507
9625
6557
6558
4522
4321
452
454
1486
9680
9681
7160
6632
235
8428
7159
504
3066
2730
996
4108
2804
8429
76
8225
5128
11792
4630
1562
7709
3114
1586
8430
4165
4166
7265
653
2198
4257
4779
11459
203
551
3829
6924
3360
6452
5943
2356
5440
8431
8436
14195
2437
7100
3012
8353
9718
15263
813
695
4586
245
1781
1014
9993
5283
249
6614
6784
721
14007
3882
17121
817
14794
4605
4254
253
259
1796
10808
4870
6431
4910
3491
11911
9645
7972
8241
12977
6326
5304
10675
7839
6203
2245
1864
4204
526
260
4646
3113
277
8776
1114
8328
8329
8330
8331
5008
5009
8334
8335
8336
2205
4255
3254
10512
8473
10778
1721
3320
2814
280
809
812
3388
2899
1677
373
10957
3462
5003
8916
11345
9331
4511
1440
1462
2992
1457
9662
2516
12930
5080
997
1517
497
2552
3065
5117
12325
84
12829
286
6858
4585
5228
8545
5231
289
4983
10273
8482
6401
292
6403
10394
6145
8540
6286
6304
8500
6312
8502
311
333
6113
6114
11620
7814
2933
7115
1005
239
5357
11941
2641
3606
4122
8508
8368
1708
8367
1468
4420
2146
8350
2420
12341
2847
7749
327
7250
328
9824
8292
618
112
9844
17213
6271
17216
4288
5263
13456
149
8521
10016
3508
196
13016
13985
6313
7338
2732
7538
12469
14401
1395
14509
2787
710
4306
2851
12685
14751
15084
3305
3819
1746
755
5879
17671
1811
7961
1559
16687
345
15078
3889
3293
1356
3899
326
8091
3916
6483
883
7544
17602
10790
3964
3587
4479
5001
7885
9098
4492
13327
3985
9106
3995
7073
7378
1958
7080
3497
6062
1472
8133
7622
3020
12909
8814
3025
983
8539
10432
4076
6640
9723
11082
1823
3596
5141
6166
7203
16427
14384
692
14407
13913
10374
5269
8544
6349
252
6940
2336
356
10035
2868
4405
1853
11609
2400
17763
3438
2941
6527
5046
1963
371
5191
981
3030
4576
1505
15342
7163
138
6419
3691
1563
2619
91
8284
11355
3237
1778
1951
4588
1644
2735
92
7298
1768
2702
1082
3990
8304
3862
3986
2157
3996
8347
7855
3761
3893
3894
3896
956
10911
3895
11993
7949
478
3828
94
95
2099
7983
10889
16249
6247
3371
8043
8564
9294
10299
97
6911
4132
4192
15035
9903
8025
98
4460
6009
4349
6912
7950
3496
10912
3811
4198
8566
4382
10567
17737
377
6756
380
3308
8255
4995
3633
7402
7063
6579
8456
4102
3710
8556
5642
10571
7185
3099
540
392
9252
9255
9256
8586
9258
400
9260
14449
9261
407
412
9264
7217
14905
7229
3098
10231
10232
10824
2116
3262
11075
7274
8219
7768
6243
4727
6622
5223
7273
5748
8134
4224
667
8551
7024
8829
679
3752
413
6319
3954
2246
6344
13312
15020
5833
12321
415
8799
210
2781
3809
5864
7890
2812
6398
12422
8571
8970
7970
293
828
10998
5949
1860
10789
344
8030
6495
13601
8841
8557
3440
4466
10802
2947
4990
1411
6705
3976
796
6014
4014
9411
2993
437
3359
6582
3383
3518
450
1996
3472
3474
3569
8145
15026
13909
3735
5590
12070
4570
2018
12338
4077
12187
14113
6647
4093
102
7296
8194
15240
8720
14429
8098
5255
4017
3906
1485
8276
13005
13527
9476
104
8612
2543
10066
6395
106
422
7334
750
5634
4437
12860
7239
5704
5714
5739
5742
3201
3719
9901
1717
6839
11360
8888
3795
2772
2794
1772
7918
1788
4868
427
843
3926
9573
5998
8559
1397
1414
1433
5537
1449
5546
438
6069
449
3033
5086
15336
2025
1006
12361
3067
10252
12319
8453
6736
8290
7280
11177
10377
2700
2701
453
1362
8644
9402
8380
1740
8652
4642
2774
14276
4854
13655
7927
3747
4368
8476
5407
15148
3891
1847
8517
12015
13071
6983
6028
5477
893
4498
7081
9138
4031
4044
464
8647
13692
12171
17221
9964
456
11663
4759
3217
461
4892
11654
465
2741
3273
8150
3511
3897
466
11224
15105
2137
7464
4729
7465
5216
7408
8666
8670
483
10726
110
111
944
2999
7955
143
6300
5279
6836
8632
9406
4806
5064
3340
9412
4938
6519
479
480
481
15338
8676
8677
4618
556
1025
10506
11179
12792
274
9747
800
15280
17735
9641
5196
722
9438
14820
1000
115
117
1659
6435
720
3416
3453
12519
9668
8816
12115
6604
12103
3632
1402
490
3666
10270
1053
13792
8078
7579
2289
6386
15346
1574
6931
4661
5354
10303
600
602
8798
1679
4245
4246
5280
491
10926
4980
10439
8483
2783
13735
3878
5362
5368
7427
4373
1831
8526
4152
4975
499
8728
4474
11439
3458
4997
4489
7057
3519
1984
5085
5088
6645
120
799
900
4709
11408
3943
1910
121
6731
337
15734
6716
122
4161
10890
8373
12808
2201
2453
12869
2940
2944
2964
3005
3112
3242
3720
7786
3316
3349
3408
9676
3435
2195
3444
5207
6687
2088
10816
3506
6070
624
3663
3668
4072
4073
4090
4113
636
4183
639
4392
5763
6278
8696
4740
4943
5795
5082
6155
6201
5803
6322
5804
15102
2763
6595
6602
2680
6709
8407
228
6942
7007
2291
2294
4348
1794
7267
7281
7286
7330
6411
1806
301
6025
509
10054
7750
1372
7858
1868
7912
7975
5458
5973
8015
15212
877
6000
8371
8418
8706
6032
5521
8577
8582
7047
8617
515
8694
8695
516
8751
6059
8786
14256
12374
8813
8651
5585
8855
4056
8882
338
3060
127
134
2184
946
310
440
7867
3903
6860
3953
8977
8978
125
8994
9011
361
9026
126
258
8716
5512
9070
5595
3918
9210
3035
12533
9429
9435
9441
635
530
5020
8243
9666
4962
4837
458
10011
10036
2925
8723
10131
10199
16923
10250
129
10343
10344
9823
10349
10361
10370
534
9902
8309
12288
8729
2064
4116
7701
7192
10399
10404
6692
10411
4134
4136
10417
4138
4143
10450
562
565
9797
10476
539
10480
548
3189
10489
3702
7293
10495
133
10509
10510
646
10932
10517
3866
10522
10523
10524
10528
10535
10542
8742
3751
168
169
10556
10559
4778
10564
10930
5300
8567
3793
1755
3804
13535
3820
766
7936
10705
10709
269
4652
5251
4146
10771
2877
2878
10782
10786
10791
10799
10801
10822
10826
7135
7510
7511
10844
4440
866
2922
1899
3959
1912
1921
8745
10873
3988
566
4007
4055
10895
984
3037
576
6116
6634
7156
4862
5381
140
8774
921
1985
9992
6284
4304
11169
4687
4324
11199
3431
11232
11233
583
10738
11271
3699
11294
11300
10301
11311
1144
11537
1370
586
2367
4774
11342
11343
5312
2789
11374
11376
11380
135
4934
11388
11396
144
4277
11414
1533
2102
4101
9671
11426
8779
4656
8266
588
11519
11520
11522
4112
11594
4170
11600
11601
4171
8271
2152
11611
8305
6310
4263
11818
170
8390
6356
10501
10502
4370
287
4385
305
314
4432
8534
14739
6556
4513
4536
2492
448
8643
488
543
8738
2605
561
8783
585
10836
6745
2667
622
14959
2696
8846
8851
4760
682
592
8904
4813
3193
753
2806
8968
3503
8989
6943
11041
6958
2869
9017
2890
2897
598
12430
2911
9060
9074
7037
2945
2948
2957
2965
8791
2310
9126
3021
3041
3046
3057
3068
11262
1037
5156
1075
11925
3128
1083
5189
3143
3155
11354
7279
5234
1145
3235
9418
11972
11974
11976
5323
11472
11982
11983
3297
11987
3328
3343
3354
12004
7474
12017
3391
12019
1373
12026
12032
9577
8801
12037
12058
8817
3485
12062
9647
9651
1464
9675
634
12075
9686
4959
12080
9697
12083
7653
7654
12087
11798
11799
11800
11801
3626
9786
3690
5743
1667
12110
1674
5777
3733
3737
12122
3746
1706
3789
5838
3799
5849
1759
12133
9959
5870
3826
7944
10020
10023
12141
10057
12145
1875
5978
8028
12152
5438
6022
12156
12157
12159
8827
10143
10149
10228
16330
12177
12259
4075
4084
7173
908
3637
17086
8831
12192
1607
12195
12196
12200
12202
10443
645
3683
12212
12214
1390
369
899
9069
14727
527
6893
647
648
8856
671
12654
681
11501
1571
7702
4009
321
12294
12295
4162
12313
12314
12333
4548
6471
969
589
8874
855
12350
2776
11484
989
12357
5091
12363
5988
6352
12407
6510
12409
9461
9464
12413
1150
8875
12419
726
8880
2515
1051
12427
1108
12431
12432
1156
4307
12436
4631
12439
4030
12443
4000
12446
12447
690
5039
6918
12456
7372
12460
10126
734
12464
12465
12466
145
5145
146
4290
12474
3205
7367
12478
6091
3185
10001
9425
147
698
14249
2076
12490
12491
700
1396
12500
8895
2132
5669
12509
12513
5720
4710
1135
9852
12526
3231
4809
6885
3307
7934
12535
12536
12538
12539
2319
827
12546
6986
347
8899
1105
4595
8144
12556
719
5079
4036
731
152
12569
8913
12572
725
1817
154
12578
3355
3356
3104
5801
1600
16714
732
9432
6991
4844
767
7061
3461
12601
741
744
6681
3870
12451
12609
10282
4398
14638
670
12618
1859
2884
4557
6903
11356
6109
3168
10551
12629
8990
3183
12635
6837
370
157
12642
11957
12646
5119
2305
7988
288
3881
1799
747
12663
16455
982
350
4078
3571
12675
5496
9082
159
160
161
6208
12689
12690
162
12694
12695
1091
6725
12701
12703
2790
4423
12707
6890
6470
7603
5396
5397
12717
12225
12722
2844
6209
12727
6600
4130
12734
9699
7141
1055
2810
8446
12744
4514
164
12749
6445
9658
12752
12754
12755
9659
3526
10276
4666
12766
5480
4861
3847
397
752
12777
1077
1524
12782
12785
5183
8951
12794
7284
12798
167
1013
12801
1015
267
1581
5093
7754
12810
4819
2461
12815
4380
12818
12819
829
5393
762
12828
8955
7584
7043
5406
2497
12840
12844
8959
1556
8565
12849
12851
9731
12856
12857
8966
6573
5653
12862
12864
6574
1590
17868
8967
8971
1627
9364
12884
12885
2203
782
542
8394
12892
8420
7401
3246
12898
774
2122
784
8979
790
8985
7306
12911
2358
2186
12916
12920
4425
1876
7823
10109
2430
11997
9366
1423
8992
8085
926
7078
5032
1454
12942
8993
9377
9378
4564
4565
13392
5083
2014
12959
9704
12972
6123
2029
5102
5103
1010
1527
675
12985
173
12987
12989
12990
501
174
175
12723
12995
6182
6563
2081
13006
7917
8661
6456
13018
13020
1466
8999
13024
13026
5561
8240
13030
13031
814
2861
3890
13036
2489
13042
5658
7335
13045
13046
13047
2188
2124
13051
13052
2912
9988
13058
234
3612
13063
3887
13065
8393
13068
3396
7632
10086
6016
398
14642
13088
5302
5305
17977
2910
3433
816
13101
13102
8722
1938
3743
13109
13115
5825
14611
2928
2866
17625
4302
818
13780
5930
2821
13134
4822
3479
13140
13141
834
804
13146
13148
5816
442
7355
6003
13158
5584
13161
5719
349
3296
7997
6011
9015
13174
3682
2726
3625
13180
13182
13184
2167
6202
5097
3414
13189
9020
4247
3617
5553
2487
13205
13206
13210
11714
6970
13214
838
889
11775
13222
13225
1541
2566
13230
840
13235
5681
4160
13238
3149
1643
13246
4716
701
5758
5790
13254
10440
3277
13260
6357
13263
3843
4867
13269
5899
3362
13274
3386
5954
12126
13279
1846
13282
844
5508
13287
5518
9044
13291
853
4542
13300
13301
9047
856
9058
875
7644
13310
13313
13314
3027
4091
5629
9073
16425
1592
6720
5185
13330
13331
5186
9080
890
13338
1632
2674
638
9087
13351
7359
198
13011
902
1149
8956
16132
798
2352
13368
10566
13370
3411
13179
9096
9689
13378
13380
5096
1004
4599
640
15117
5636
5573
5650
13395
5230
6043
13398
2347
5959
6024
5706
5547
3563
12442
13406
13407
5502
6838
5291
5033
6153
13420
13324
8727
13423
5687
7231
3147
3662
13429
2643
6235
3178
13440
13441
619
13443
6765
13446
3123
8982
7833
1693
13454
672
13457
3955
5828
219
11998
14563
12006
10485
10505
16663
13082
2846
3373
2874
13473
3919
3931
3942
13478
15207
1369
7025
13485
10103
2938
13489
2943
9279
13493
1927
394
11156
4504
7748
582
10169
4050
3036
8683
13507
13508
13509
931
3579
270
15772
4384
12378
6314
9780
4801
13524
13526
13528
13529
13530
232
6770
935
13536
16353
940
7907
950
13545
13546
13548
1770
13550
959
16360
967
5101
498
13557
7414
4369
7204
13564
2087
846
1751
15577
15652
13571
968
974
2855
8108
7126
7017
8073
13586
977
2731
9773
1160
9677
13599
1622
4579
2909
13607
3400
7567
3211
2066
2340
11322
1863
13616
8403
13620
2140
11628
11638
549
13629
13630
5162
575
8787
14957
2691
10373
13641
4754
13643
7333
4977
13647
10935
980
13654
6892
13658
13660
13661
10985
9465
11002
9484
13669
13673
9999
13678
13680
3861
3370
13684
13689
2862
6459
7537
1016
2798
13698
2463
3494
423
7085
1042
13705
14493
6071
1048
2040
209
1049
17154
632
6408
6104
13719
1050
13721
4462
4645
7978
2989
8818
606
9798
3038
13733
13734
3700
1608
937
493
567
2250
8027
864
13744
1392
6257
892
3711
10757
904
8278
13323
7183
3937
3938
1641
13759
6528
6833
7691
5935
6250
13766
8671
8562
11803
13771
8254
13773
13774
4928
9277
13778
6690
8563
6486
13787
9051
4205
9971
13796
7432
4396
7069
8226
12199
6429
7990
3525
8268
1089
2660
10853
5751
6368
13817
4419
7153
1650
4402
4139
1710
13827
14731
4442
1090
3693
222
7317
268
1095
7324
6955
6812
13842
6067
570
712
13846
713
1101
4968
9296
3848
1118
1121
3834
1939
5059
13866
11643
3740
15517
13870
13872
12680
4107
2576
2723
9315
6096
579
580
229
230
2795
2796
661
4111
3661
6753
6675
8835
2716
11735
4627
3323
3542
8496
9028
9317
13911
1127
11631
637
1403
5530
11734
9333
9334
2034
4863
1451
1713
9337
1495
9678
16349
1916
17356
10574
8823
13947
9338
6358
3310
7347
3165
830
723
2016
13959
3695
7412
6158
6177
5052
13967
13968
13969
4350
13971
13972
8642
4736
9341
4981
236
3792
2720
3131
15440
11639
11780
9343
5684
13990
6722
2120
6746
617
13996
12433
9874
8857
14002
5822
6348
2801
10490
14008
2316
14012
5764
6791
5451
9345
1874
11619
6792
879
5538
6004
462
5586
5596
545
4096
2837
2724
14033
7351
573
574
8132
14039
1617
9967
5862
895
3073
3842
6192
14048
1724
4769
5844
7921
14053
10477
6268
4261
4674
14063
9350
9351
17096
14067
6222
14070
8036
14072
14074
256
3076
14077
859
246
247
3468
7956
4654
12873
15470
1549
9355
251
842
9358
10046
5823
1031
10153
14104
1357
791
15133
257
1162
3597
10202
1161
1167
7824
6727
2284
2033
14124
8398
5674
14129
9004
6806
10341
14134
14135
14136
14137
11120
5286
2645
355
4207
14146
14147
263
4743
14152
8635
14155
4159
4154
2620
265
266
14165
13848
4497
14169
8509
8511
5090
14175
9453
14178
14179
14182
2546
6947
9367
2490
1473
5811
2974
0
2094
7521
5107
532
14203
14205
14206
885
4600
6136
273
1046
4516
2990
6088
14217
4299
14219
9303
7094
10189
10227
9814
9376
909
7079
1027
276
2053
1480
4028
10384
8752
519
1036
14862
8733
693
15458
8809
4796
2163
11393
10383
4783
14439
9388
10974
5861
6405
9408
9413
5469
3422
1894
7016
9426
9434
14558
8604
3488
4515
14629
14630
5037
14754
14780
14817
9437
945
13257
6482
5115
15114
8191
770
4100
2579
3611
7713
1450
5099
6992
2904
7176
4353
8485
9280
15529
14839
9308
9361
2450
794
1692
1368
1439
933
8399
284
5925
9274
9275
9278
2335
5622
3406
9456
8416
9314
11984
8426
1883
3184
2679
15564
4619
4569
9471
1552
8405
15572
3169
1120
12402
4216
15578
4737
2226
4215
15582
9477
285
9485
309
2
4456
3989
2478
15282
7655
2987
8998
15864
15597
1317
15599
711
5367
4720
1113
13924
10847
4213
2005
1305
4217
517
1416
1943
15616
1589
1848
1602
13153
1003
4999
12966
3434
290
15632
4352
4609
8374
15637
15638
15639
4248
15641
11451
9956
16613
2854
15647
1325
811
14639
2366
15653
3421
4446
911
3987
2472
1975
4555
9722
3469
8867
8873
6978
10444
15670
1398
1399
12020
15674
13258
15677
1572
1407
12034
13558
295
4714
296
1418
6755
15688
8293
5798
297
1420
4524
6968
3142
16126
16137
16142
16145
16153
16158
3058
1547
16131
1425
11056
7282
5214
2275
16838
5370
2428
16841
7179
6227
5142
5787
3982
303
7177
5040
320
306
5267
4659
2009
1426
1429
8523
1618
5581
1431
5607
5609
8573
8522
3454
14480
11883
5324
12699
1435
7459
3509
2973
7443
6171
6846
16877
5567
1438
451
6370
16882
3171
2673
10962
1918
4879
4251
14900
5690
9638
1447
16893
9648
9816
2651
6884
5624
1461
16905
6047
2721
6050
16909
7269
5479
553
16914
5807
1463
5526
11000
1467
316
3667
6814
847
3970
1469
7693
6680
495
13687
4520
6961
6752
7247
2280
335
6129
4594
1487
1499
2510
16945
16946
9692
322
7710
323
3
1045
2218
7384
2020
1522
11551
1977
5506
1528
4764
1069
16965
11573
16967
10832
1
7310
4894
16972
6953
584
8377
1620
6488
5851
6882
12389
1539
1029
16983
1030
2570
1940
9745
795
12421
6065
4978
9751
330
13267
12759
1560
14080
6236
621
17001
331
332
4771
7682
738
10852
334
1153
4606
336
1561
9754
6919
6529
17016
7184
666
677
4278
17127
4285
8001
7876
6597
714
4688
8905
5760
3622
5693
5962
14742
5212
5066
1008
3971
1568
341
4310
7789
9452
342
14643
9818
505
16157
17543
8196
5163
419
420
17535
2984
1720
10941
1870
5166
7791
2600
3706
1059
7792
7175
7199
2593
8121
2149
6788
2181
683
6320
9938
17560
6608
13069
17565
4925
4933
8531
7527
4208
6006
903
1573
10129
14661
6578
6607
1575
9769
1578
17979
7170
1933
1584
11671
1970
7734
1588
2253
10283
15418
15419
3158
9687
5510
10009
7952
7831
8987
1566
2725
9794
17883
17585
6346
3530
6330
3907
4037
5850
352
7087
8049
4114
4115
4117
5157
9787
9788
9789
1610
1106
9382
6950
6525
3885
9088
7046
6111
6550
14332
8233
3002
6469
395
7692
10704
5958
5961
11722
2813
3175
6821
680
1613
11698
1080
358
9808
6369
9979
5992
404
4799
9811
363
3380
6441
11488
6826
1952
7371
10803
8381
7887
7888
8687
3731
3101
6878
2498
6693
4918
923
7581
17955
2815
2473
9014
15425
5446
7245
8795
3676
2274
366
978
367
11680
9812
6959
6960
16144
4428
7891
7552
3507
4590
1665
1626
1125
1634
1635
3790
10123
9042
487
378
15500
5917
2728
4334
11496
1638
1852
1832
3209
271
12458
13806
4311
8667
1646
1649
4680
8777
7767
8291
7380
16180
13648
13539
6524
385
9107
3118
1137
3397
8925
8771
9846
2261
50
13797
4966
1662
418
3585
5759
10497
9860
15296
15626
787
14575
6694
9863
8117
1980
845
9741
10840
10078
8850
610
11749
6920
11689
5639
5580
4459
9867
825
15430
1603
1062
620
2886
7731
8572
7732
399
1446
1682
3643
1680
15244
401
1681
7700
9875
928
6466
8784
819
4566
4567
4568
10472
17909
4537
5445
5441
11203
7194
8486
9881
7562
4033
7294
4002
7206
10907
1690
1694
10435
3289
1115
7773
6530
4103
6474
409
5217
7642
4519
971
3256
410
1697
9892
4865
3599
2193
6167
4129
936
833
7110
4297
4826
5113
2856
5112
6652
411
6561
9079
873
7551
4451
6439
7086
4893
3437
2573
3471
7513
1829
2363
572
9084
9801
7114
4535
482
876
417
1954
3880
474
10914
1453
1704
9116
8090
9895
8077
3249
9391
426
2500
433
5194
5195
5233
4220
5761
14989
1711
1718
3476
1730
406
4843
8467
1732
5970
6008
1739
7588
4532
4533
1742
8089
775
2713
4976
9779
9949
6966
2134
6737
1757
1760
8086
3851
3886
9954
1764
1212
1765
2373
1767
5209
8417
9328
3450
1797
5442
1779
886
4756
7131
11144
6971
14625
1780
16518
14821
7669
3951
593
3856
6859
2644
963
16278
8962
2369
941
4703
9855
17687
2131
3689
1147
4271
7164
3904
5494
14970
436
10386
1790
4993
8919
16172
1968
11442
665
3016
10080
8433
1067
1071
10410
9994
6285
6318
5827
12498
4956
6372
17950
4855
6437
4068
4094
6956
4436
4957
3941
7253
441
2128
9379
1419
1040
1553
2839
11674
4194
6307
4636
3514
9919
965
6880
14783
2031
11762
5876
10362
9917
6688
9270
9063
5644
10261
11528
3875
7419
10015
10334
6078
807
10348
6809
12057
8863
9327
8495
8838
10335
740
4832
7396
8454
7931
14398
5929
15722
823
8506
5892
9653
5983
7586
7013
10602
4137
10558
1409
7555
6535
14826
15249
10021
7577
6046
1830
1835
11436
9664
9661
446
447
3524
10028
8654
4049
1839
3577
7240
13085
4525
8119
6592
7496
13769
4556
2297
5349
16763
2471
2698
951
7911
16488
626
455
8095
3466
735
1702
7089
457
11660
6443
8808
7764
9986
958
1840
12383
8546
5889
10033
17144
9851
2059
5058
8725
771
2334
2341
934
10161
11438
2611
15043
13341
11964
13444
15112
3650
3381
1484
4816
12270
15206
5174
1442
1159
2820
3547
1736
15211
13061
10691
6603
1444
1616
468
299
633
7676
469
11134
4461
9781
14991
1685
12398
3883
9775
15113
10305
12230
8142
5053
12143
10609
3732
11913
9488
2067
14510
10072
8730
10073
3559
9043
472
473
4265
4262
4354
2572
919
6620
8763
8950
4611
11622
2160
2425
16468
16469
9962
10040
10041
1858
10051
10580
14252
10060
10061
1871
1877
1878
10074
48
10084
10089
947
10104
6178
1914
10110
10120
3644
1941
1944
10138
10146
10147
10148
12614
10155
8063
2994
6637
1965
10617
8519
1978
1979
10173
1982
4610
1990
629
1993
1994
10195
2004
2007
2012
2013
1700
5069
1872
10233
2042
2043
2046
2052
2054
10248
2057
2074
2075
2080
2082
2083
10837
2084
10279
2091
2097
2098
14507
14576
2100
2101
2103
2111
2113
10306
3225
2129
10327
2136
2147
14416
14417
10345
14420
2154
2155
14423
2164
2176
2185
2189
2194
2196
9183
14444
11494
9093
9094
9095
6928
1079
14460
14461
2671
11381
1956
484
6605
14475
2946
14479
644
5054
8396
14161
3672
10390
12304
17911
9449
5671
7092
4901
1705
6761
14502
3156
3055
2208
492
8983
14519
14520
14522
496
1410
12656
2216
4626
14531
14532
6935
14536
6824
2224
4810
2228
9548
9835
2232
7331
2234
2784
7299
2235
500
6945
6568
6922
2240
14570
4289
2242
3738
7197
10442
577
502
503
1488
2917
716
948
12097
5852
8237
506
4897
1371
8862
2251
5721
17878
508
1033
1034
1035
7398
4444
8466
10454
9349
10157
7798
7534
512
1932
11666
5583
4219
2278
2458
2332
4615
569
8770
3994
9316
2533
9322
10475
11668
8415
513
514
4294
8019
6866
3484
2285
11577
8000
1604
8138
1614
2662
9969
2286
8046
4457
5667
518
2260
10762
520
1506
1749
14968
2292
2474
901
5002
8079
836
2293
10486
11187
2302
17075
2303
729
7900
609
8735
10496
4715
2308
2809
6279
524
6900
10515
16711
6904
525
9287
5402
8712
2313
5592
7012
2325
5577
5977
10529
2304
3325
2429
529
6186
7084
12392
4823
10536
4283
2351
2982
10546
10547
10550
533
8154
10976
8737
535
2117
1785
2078
15519
538
5610
7788
773
678
541
7705
7222
10605
4852
6952
7766
4098
7256
9103
2364
5152
2595
550
5065
16166
9163
6760
10018
5548
6172
7914
2213
552
3198
555
4281
7979
7932
7933
557
913
915
8217
16139
4195
16764
4110
3550
2818
1458
2962
943
10455
10456
6706
3635
6850
10798
10804
987
8131
6341
1492
2370
10563
860
861
13823
2374
2375
2376
7801
4128
2401
2026
9360
3853
2403
11533
5903
4507
14980
12549
15505
10519
2406
2412
3510
4939
993
3162
2143
12922
12593
354
1567
6241
10207
5365
14969
14564
7589
571
1443
8907
9717
2891
7637
6444
10245
11710
581
3287
7815
2418
5051
3884
1669
6898
717
2416
3452
9819
16209
779
1427
12253
5307
590
4256
6315
5147
2426
5197
3718
17040
3248
8386
4902
2432
8310
2434
5352
7840
5198
7155
7181
12566
5544
12213
8804
9833
7524
8198
11425
2436
4039
16594
595
596
2998
15118
4931
1672
6154
663
4325
662
8229
6847
7268
917
604
2445
2446
11529
2587
11301
11681
4212
607
1422
2449
17691
2460
9772
2464
2423
3609
611
7650
6780
6783
5249
3586
9879
2465
3357
5408
4842
2468
7741
6220
6221
614
615
4089
7165
2469
2470
2477
5124
778
2959
5394
11549
12835
8105
10673
7122
13786
6376
5919
14138
9208
13663
9654
9655
1378
10106
2323
3223
13956
5311
12330
623
10323
5310
4723
8319
2496
5754
3983
3973
627
1092
3072
11777
14069
1545
14073
2531
10724
2535
2537
5661
15391
2542
1061
9904
4614
2544
2556
16430
6130
12848
12850
12855
12346
6343
5694
3652
1611
3664
3616
7026
11870
1133
7714
8543
15398
10761
1936
11907
8837
13114
10763
9921
1689
1701
10419
10764
12473
2574
1729
14533
4807
7882
4812
15394
4984
10767
12495
12010
9451
12014
5873
10491
2580
12067
2695
4920
10548
13791
11296
12002
10774
2396
2402
2915
11173
872
2926
1906
11434
4985
2584
11132
11645
4486
1428
13232
6899
7070
7103
2585
2586
14278
12745
10572
10781
9691
12567
10787
12154
10944
10788
3212
2008
8734
2601
14151
4293
1735
4876
985
2526
865
630
2687
10244
5774
2703
658
3221
5150
9652
7360
656
6507
6508
10796
3958
10797
10027
3379
2764
14159
7636
10487
13021
4071
12628
6671
9746
9759
7208
2652
11378
9748
2610
6895
3314
5913
4468
9679
10196
8953
10811
17058
10812
7694
12175
7783
786
8958
2567
924
5351
8387
3840
8084
650
10815
651
11359
12013
2625
10818
10819
3766
16405
16136
13193
3213
2628
15253
16406
2629
2631
6170
2633
2636
8093
4383
16162
4131
8869
14918
2637
13745
2639
6581
10839
11078
2119
5986
6355
8026
13266
15072
13518
10707
2664
16404
11043
6215
3092
4424
660
4987
6305
10858
2672
6927
1687
16289
4523
7196
7643
5450
7006
2153
788
1126
669
12981
8287
1310
6244
4905
10870
10879
7611
4004
10048
4992
3335
3879
815
2692
8516
2955
9249
2693
2551
3978
10888
8980
676
2697
1802
2761
5122
10371
2699
2705
8129
6087
7757
3279
7129
6256
12532
3573
2298
5118
9023
1445
849
5301
2694
2707
5092
2534
2419
2710
2321
8619
687
5227
688
4884
4629
3003
4287
2711
6218
2712
3023
3961
10905
10917
2733
10927
4035
4390
2744
1750
2747
5287
1651
5288
8435
697
2749
2759
10961
7292
14746
14757
14798
4914
4954
16485
10966
5462
10967
3594
10968
2778
10971
15379
2092
15367
6195
1597
6152
7409
5734
4201
10977
4735
10978
10897
10690
2199
10979
2788
8388
5829
8903
10445
4821
2785
8421
12025
2792
7942
5385
2317
10991
2329
1818
11042
10531
10993
10544
10557
4416
7497
13132
1879
12633
12135
2807
1907
12167
13713
1430
5552
11933
15487
2549
1474
15093
6905
2825
2800
10817
4574
2144
1555
12454
2828
706
707
6982
6881
1122
5549
6708
4676
4858
10145
3014
3538
4330
2829
3613
4655
4912
4913
4922
4814
2834
2838
1518
4596
7926
4731
4733
2413
848
5161
781
5105
8468
7188
2722
5155
3119
5330
724
2408
5953
2727
2842
1098
5749
7166
727
728
14627
918
7021
7022
7023
2843
2072
5916
5171
13833
7743
8136
14795
976
4258
4820
11036
2850
14843
3473
1570
6184
7099
4431
7075
906
3901
13040
11052
8709
2961
17854
13226
3382
11054
2872
12528
2873
8796
7058
5856
13540
2881
4209
11560
2306
4298
8410
6287
4988
1558
14892
14355
7344
7901
9135
7902
7904
5615
7923
6391
