########## k_17_lmd_2_length_592
8421
43042
67107
61354
56298
1353
1286
593
45956
74979
878
13346
2450
60863
128468
68718
34985
3696
175792
1066
250270
6611
10362
6983
3950
10977
2027
12088
3467
89
73059
2294
2996
36718
9913
42960
34395
78082
22280
3557
101084
968
45961
287082
25740
21164
46228
33266
2531
103321
15577
1672
8912
16500
52710
3595
72102
79149
35886
24556
22087
7678
75851
34158
55306
5806
17899
52193
1127
78010
16654
10607
9120
58700
1136
22653
25448
9078
13883
80886
12179
163673
45630
40740
71277
35759
91842
111
28758
18115
235876
1232
229503
26473
8992
3304
10983
8204
45806
111820
10198
84209
15368
9853
190852
13512
141443
105193
2792
30511
23946
68741
199
38098
31427
42099
172890
29198
1078
1654
29180
3174
37006
76976
18464
66114
55371
3125
7277
4472
9590
1631
18195
47800
200294
4789
20255
14171
21844
710614
2440
10280
6533
269340
72563
86663
14333
16216
88656
60813
2431
66369
42912
3173
12926
2072
36720
110
21919
26566
7542
37409
1196
3100
6202
18106
52121
29136
5608
10939
3952
7464
66956
25588
61573
232
78391
7694
8449
33921
4709
230
5240
10438
73121
2251
247359
49566
84491
19570
195
85790
15310
2364
14059
108345
21694
22820
529
6895
177430
2534
18376
17546
40754
61799
11301
68126
2621
166597
423833
51381
30829
358730
18148
22501
104607
6503
34136
10483
70193
42903
5940
27707
718
1032779
93741
12068
149004
14886
9680
17873
15933
38344
13295
3189
3366
56380
26157
3165
31699
6589
84002
60696
88768
2278
31264
1430446
333
53102
1139
19905
69011
20409
2307
3376
45797
4612
3663
2913
47209
55560
20364
50165
67196
6305
1782
2202
31536
87539
62133
86
13205
8453
7554
27491
31401
41617
5691
50108
11214
391249
54573
54747
72518
2250
96101
158535
598
213897
462
88485
2804
9563
8851
125876
13000
9331
37025
47688
10392
32941
99666
9325
156587
95593
1923
11838
12564
328
59239
8466
654
63148
22782
59216
3590
5784
12951
60132
3695
11063
822
37716
165542
97686
2981
147711
50092
4025
25149
50
9201
428
8435
51376
92101
15037
50476
2780
38610
147330
31619
44558
20161
51
24476
10591
37362
2155
1921
137069
97128
6635
334
263960
6574
993
93995
10088
44891
55108
63030
83937
432
64545
107072
18722
88041
20879
54534
19767
2710
16109
22866
11302
127617
1285
1954
7487
71194
371
36310
30949
327
72945
103672
37639
184175
17747
5965
31372
206792
1411
5086
49138
44251
167982
38002
38631
2995
2075
83997
4999
150590
127883
670
59901
9971
15732
7506
36719
84507
1673
61834
83194
2912
83315
453
1504
6898
61353
7006
10498
2115
1002
13417
52
64215
54605
64955
41929
2781
2201
36696
2760
1103
43729
591
13513
75336
21187
14323
16407
5472
38940
13416
28346
21969
58972
23
336
106309
51601
41676
29113
13680
4413
83695
36144
19459
4082
19134
9797
8558
1146
114
44240
40953
59195
28947
16260
253096
35729
3880
59035
1264857
2903
46393
124744
128363
8149
77794
697232
145
88117
37537
38095
29046
153402
8640
4391
68535
6643
103062
12019
239945
31702
188267
16276
12361
74216
56305
110708
114056
87380
37740
19261
19262
92302
30255
19707
1302
11972
2588
8502
49759
1423
41303
9551
11887
40731
1625
8347
171168
16582
88
6138
13486
29808
40942
19177
68343
731
24835
48602
1277
37623
2296
64219
7111
55971
9195
262
33582
60967
23363
1104
86534
12342
146
53667
60957
95322
273597
24737
66984
111637
61328
2363
169
30501
8358
9605
3143
50558
128326
13442
2553
64785
69956
12076
90901
9912
895
62975
60165
6542
25025
36107
26047
20314
50001
5045
2412
3066
35865
26218
131851
132076
2430
19719
