########## k_13_lmd_2_length_2599
80886
199197
98005
74844
185896
26290
112529
199638
93649
38002
1766
69733
27604
128468
196050
50554
87370
73516
22653
19175
7550
69956
91842
130716
66635
549
229503
110708
4980
32260
51158
184653
2769
59253
80528
104511
34021
77474
61799
55044
16339
42960
118370
25627
13764
6325
137232
55543
29461
397084
203613
14847
32814
92413
88041
2830
247359
727
68758
2412
1953
4661
56950
41204
84491
111999
206537
21878
126980
110846
320756
185654
127276
106344
100645
11826
158857
1262
75957
209041
165035
16232
5226
174694
38546
1808
17508
77465
6202
134172
6898
50056
30158
3475
48363
55560
44745
470
843
50414
9331
5017
174478
18653
203958
3033
37409
446
33761
55371
18167
21922
12299
59114
101926
106372
16852
10983
94149
559836
31943
10759
6666
88003
250836
193260
39654
1921
90043
40034
167313
46595
13548
109088
10522
12775
179813
35029
204479
89877
171829
567
27327
53093
79967
67196
10699
53102
66138
959021
56380
235674
109572
1935548
10377
105761
75736
462039
22288
1646
163505
47138
761
26199
45393
2981
104908
117322
319189
76590
85134
22
109281
7014
53
105404
167228
67616
2083
233891
32896
280418
42463
10614
43472
15539
111435
3329
10527
79388
39624
33460
33808
2759
194194
34818
139685
8384
16315
57650
1801
70361
935
31280
58972
218792
24249
251082
71215
130322
19906
56385
77064
338193
90783
449190
55958
15416
81179
64396
71759
61227
84002
1533
102019
34042
2027
29143
5275
38246
10939
9644
248
514830
12961
2738
114978
211511
12068
93445
3070
374971
76537
80541
19549
115776
16581
107734
8570
19045
67831
35653
11444
194484
302924
38276
15368
38098
18779
91963
66984
295265
366896
1074970
13680
35130
9236
700766
107868
2814
51006
351
360757
11110
24369
59102
8421
78894
12185
18742
36206
59922
69011
26285
23163
128156
52890
155001
17460
29294
2158
913
83551
88768
213897
21597
38556
44599
190963
73399
2592
82489
25385
27108
153015
1140037
58700
65045
120152
74979
8555
1338
147
20515
2339
39189
12198
17667
281
59524
70477
2363
505506
11650
22570
100353
4133
99666
73553
10591
38095
33196
342691
1273
92308
99309
3459
8910
182835
7740
176810
13753
97
10513
29815
950
28226
654
195052
54523
333
20028
88052
86490
233512
52193
44480
10150
184188
44076
11601
6543
74162
531454
420
5814
16083
85308
62567
20571
6424
307862
73086
42504
16092
15057
80699
34136
35702
13990
22820
31669
14323
72201
68585
59216
18073
45174
80689
62737
324087
285424
134847
217119
69684
200457
12397
75214
215040
164749
160316
64063
15129
51601
389
57749
38062
77411
60754
70647
200294
324056
439
11556
20834
17838
44240
7351
101650
46560
15993
12144
226752
5965
46018
40794
31624
231247
2277
6052
8565
180091
3591
6493
38610
137875
40468
508800
596
40684
204766
33222
162304
87539
2043
159702
59029
44070
115630
2782
91086
79192
68649
62007
67071
207429
22884
21162
203226
325557
255739
80787
388040
3340
548857
43496
107031
43729
41309
2836
362613
23847
1691
72139
48108
8347
9162
67229
114065
25400
880534
279473
9005
25441
230983
200414
502211
905
37362
329105
112686
7739
57060
23418
120534
7678
15906
43120
232925
61995
25069
76235
979
125548
73121
92367
43852
32373
88097
9523
85081
2819
96183
39031
80469
22258
42912
29789
1916
231
5021
55363
60826
95746
85090
54534
706410
45993
8201
10228
20939
120794
5408
15148
39033
25832
2931
57993
224851
80878
47688
114832
18291
22043
89681
33467
112554
44555
719441
41969
32219
9265
28346
3850
85
176825
9403
31614
19224
62975
17987
166506
4113
11620
4532
19800
6103
271388
320400
144871
76976
3623
184835
42581
8101
56298
14793
189635
31064
4590
285576
21919
63615
66743
13000
8449
22327
325028
66369
92101
1147
165043
45615
184175
16653
88030
147671
1344
129
34488
28448
52
25295
101896
6875
17030
1009012
21957
46995
2232
23453
80731
1830
936991
55661
3059
6629
423784
94098
8420
4417
122936
16914
72518
2071
25101
96976
95381
21473
1264857
70150
39987
9562
32727
3467
74940
11254
10664
99700
147711
28723
59248
606043
5225
96
308175
92302
9415
5235
76255
312581
60121
694
157700
67004
38579
97440
23269
528797
60703
18368
47190
5610
8508
13254
64292
959695
8453
53804
43566
64219
27862
99637
4895
11918
635
85934
181586
39771
71333
8588
12802
30518
109730
31075
4338
9850
358358
252534
304698
15714
30971
24037
27518
334414
14303
87032
25025
4009
122934
75594
91839
6014
1653
106878
66608
195400
45747
98886
16746
17546
1430446
22035
17401
45787
1222
37016
21590
25485
352182
68488
12683
219438
34501
31960
316923
156762
20055
3852
128204
100094
173560
11838
34958
71174
50240
94723
383995
262643
796
671977
176587
79411
14033
24018
26566
92883
5653
49426
35373
38926
703581
30949
87977
4239
5499
464
43892
204745
3304
227504
111227
36855
83673
83937
10573
127461
179332
26047
22619
269340
5769
52462
8117
6305
43115
100150
64797
68825
384448
45657
16188
7239
33523
66052
26284
1531
101230
253096
37340
66160
18481
24098
26451
69756
2902
46752
56075
34698
2247
430
46228
21900
38662
3013
114416
8379
8466
283818
18788
39740
2831
43326
80052
54114
10672
6193
87276
40740
24248
1606
327896
29129
37025
32442
233970
4615
26033
67001
105157
342318
21211
54731
17975
16355
18199
40754
23215
47722
47903
172765
11304
80578
2267
15038
16357
6153
60353
30775
52357
505535
14270
108492
65036
23298
51924
352954
845819
1837035
33396
59086
11144
114763
41085
3523
19177
3351
169937
14520
32667
1796
170448
42095
113579
62133
22805
932413
53825
190623
500131
15749
11938
266785
50856
12401
105988
136129
66408
133270
218144
150959
285027
93329
62914
4644
739411
40003
69793
210638
165941
715245
10511
24894
190852
1856
158469
1523
50320
93456
12373
51976
11447
109181
50268
260933
257267
8039
200793
22050
710094
117946
81124
10844
18081
19459
5909
136300
539629
6870
86075
8640
8575
122350
26496
113122
57968
132421
12682
71754
162845
16673
142917
46088
11932
94088
423833
150251
1540
3366
11484
1023214
48097
15499
16229
69172
86663
4952
220808
277184
1515
226583
2306
25693
24045
67617
75828
41303
36992
47677
44069
69728
34634
202334
124745
72102
22819
7743
24845
109237
72241
5210
9116
63338
17791
73273
548355
60602
15686
206792
73366
16611
22211
20176
7303
13489
21385
94285
32411
33782
112156
85082
34517
246030
710614
2543
179779
51595
106252
54747
11156
102987
447
206158
41908
1219
62840
423699
99031
32637
21237
6885
191630
54577
10607
68983
403
63148
135035
104368
55723
139570
66329
12878
262915
24835
293949
97128
50109
7207
42239
103062
8932
90730
96429
2913
12534
35759
81582
70263
68349
44525
1615
7464
49791
72386
6048
12172
2964
432445
4996
33265
188570
118903
138493
1923
1018954
21071
6895
60629
30279
257031
166597
58189
28733
18345
334586
73349
90863
2117
65234
66483
184207
20140
12964
150400
895
4403
66114
76637
69340
101613
341794
26131
9507
1224222
392103
10392
292217
90934
56152
57034
217646
51381
64545
16790
21450
80248
84507
9078
6635
264085
18557
1481
137544
18115
3255
145
107152
180075
32529
142510
9486
51990
7759
54409
22783
36475
236615
58881
192116
17321
79512
7737
86768
153402
116553
334265
11827
44891
27491
12287
63878
8813
58913
71220
191486
9368
67107
6439
320695
91926
9797
16654
9211
13563
252891
109179
15893
141
3730
265958
894
5098
83329
12166
64215
37591
48039
15732
48162
27067
187288
39103
245730
1233
6274
177430
14947
3853
157893
35050
17311
36920
832173
6671
80498
45189
134834
397203
191171
15853
10460
64124
13049
3839
24088
96805
9680
83194
28758
12512
30901
7486
25873
36984
247126
15788
57470
93622
104965
9327
22207
29067
89283
142271
9326
1387
937
562415
43104
210652
8343
1439494
68386
5820
22287
65196
85748
9413
9351
124428
31105
227974
1010746
9424
50108
45834
72971
53345
931118
10978
9711
87666
16562
24995
5670
13562
6720
1538
9551
55760
280718
35520
75336
60381
6845
188125
57618
38285
42099
50476
97580
1924
110768
10069
121316
66290
68535
26238
57035
35901
93781
2144
176808
5786
691152
173618
6884
89130
683265
10438
27286
473649
1564
69169
154595
3173
117397
643
4472
96939
11301
17465
8247
64881
35511
152520
29609
122803
176600
103672
2196
23946
13707
1757
29248
70069
1507
57057
6237
119098
38692
90838
10558
199139
12715
50092
3695
37006
121514
38843
373593
44377
37109
23551
10057
24085
17382
8754
96101
83162
128639
9641
106545
24494
134865
1988
148091
83315
47328
2305
116195
4660
66893
27856
13198
237
31438
89743
148258
60319
47342
40264
147716
2903
3464
5485
3841
2883
4360
58884
894527
41660
60133
26392
8760
199102
426501
25730
14021
54161
41461
689604
140998
154
27382
64257
114920
246544
2192
10503
51169
30340
2382
217521
499252
49130
185844
102301
7202
353973
96344
171876
43071
202935
358
102658
1851
287134
43903
4493
51574
29136
107064
74216
149311
29715
298066
36235
1217
4482
52075
40915
22126
60047
63030
53012
20938
66051
20879
84287
18148
6855
1299
341948
70594
3455
14347
1267
23984
60455
199128
289498
4884
12342
7634
631941
123927
500876
98073
61298
78342
523
222102
88788
112808
57278
45783
174316
76562
7900
692992
114
9201
320460
130458
90692
105194
195156
24023
98445
77183
24267
19563
121232
55306
182230
40384
5037
42163
14463
13490
4807
923
84722
184099
959928
118275
59083
16817
2718
41072
21774
127
12530
51300
72352
107797
193934
22342
68718
32257
26734
69955
319237
17370
41636
171300
47441
104607
61384
68741
34493
33973
72720
8032
499095
9018
257382
169140
27773
24173
24899
141522
2723
24766
9165
2966
142
483089
87438
25601
33668
115381
121725
33707
31171
130270
12839
36107
72112
15532
466
22952
5274
136706
220061
124746
12183
60812
4826
3294
212979
9100
30432
14967
129602
41626
60173
9959
68284
2218
45696
37462
43157
2651
121547
33133
41109
9913
14059
48618
134619
2829
22114
28681
643657
15310
7864
60957
16109
30511
164
5229
7706
21694
13260
47321
314839
9606
17681
167982
3342
203960
140239
5142
59195
125425
99681
1720
27250
3165
109472
54479
89628
143588
29951
1396350
12926
16967
382
106309
1010464
35512
101847
162174
2421
38234
15138
303449
19376
44558
71194
51620
91896
93866
128363
26473
5236
18002
7078
285285
7277
545
118298
45515
8628
33742
50494
231499
10569
6924
83866
23420
31401
823741
45311
165520
188267
43617
10171
109328
89887
19651
51989
9869
860
58946
37575
57938
41928
140898
326401
4329
32252
12780
57969
185
2912
4701
595
40942
974
89240
21844
69618
6611
6138
78017
117442
40953
151663
8221
284751
54180
7684
1872
35062
7722
46216
11560
162202
155443
22271
15440
35240
15773
87352
2945
23520
396766
71655
259993
2761
20067
89561
2024
80776
279711
297662
49925
10984
60264
24737
105091
11779
12927
477
162694
9894
18392
29852
1346
6002
58158
1891
56806
59257
510058
59847
568
16483
103321
4687
81725
55775
474
1080
36887
124747
2930
57609
3158
101866
12843
140809
1820
531
132413
220047
158032
17276
5174
53946
45433
547
51928
85651
25880
5219
9731
1359
109359
89861
91125
54513
2537
39185
22695
47694
6063
216652
54598
367813
112946
16504
1320626
4037
344611
17588
80321
187663
159055
13115
66337
167045
140690
174398
172890
52141
16320
1747
124640
1674
52121
13801
278587
86534
8686
51376
119037
77445
10821
177084
175792
2791
41661
38631
544
24541
731
285700
64785
822
50110
40180
2532
13803
13718
29247
16450
241433
69188
61834
19664
539089
16692
21234
278258
247
68221
6415
20856
11526
49920
11
6435
241
6854
73395
376399
87290
31619
5940
119851
83
202180
297300
16940
34985
6819
9257
13821
11887
21888
62258
21339
2758
59239
57253
45759
17432
9793
859
26000
95550
1046650
22098
529
9676
9414
132224
434583
1479
6006
24516
90933
2710
4889
29673
1669
377
13319
598
24674
37637
176866
91474
77189
271401
107
1537
1284
337003
105253
154757
11084
101
224795
8665
22461
60814
5310
310364
1031
76521
27990
14281
7143
601
52776
38697
4065
11925
78489
46600
310488
55651
19163
36778
24270
196818
47172
127384
86573
265943
10272
21656
26022
3191
101950
92728
11428
290183
41431
21692
112938
61354
50168
13667
20314
195807
11204
106507
7024
10646
683
1033
463424
2833
208614
91573
171843
114275
10826
92512
150225
48060
68080
150249
4897
3904
556
20161
12503
44251
20312
51377
9469
29692
2317
49513
99641
28307
69424
85537
120003
4086
70285
5608
68330
3729
493
344
58730
88485
7134
39134
60523
40287
14810
69528
97933
570
109729
107576
89496
22414
240
1287
90048
43359
1626
28059
22990
1525
61115
100002
60854
40374
84047
19000
308
13014
1353
6236
19378
2932
13417
19772
9330
19
77547
87456
504
13486
3152
9811
317834
1254
8763
1036
70520
762
36561
8165
168
13309
75157
21241
51522
223490
3788
11042
13989
5086
13297
74484
10701
5720
1641
63337
96577
5318
29322
41142
37638
173550
9400
515
41870
21187
18639
60756
20
91390
174612
91945
21261
110
14915
636
21979
690
335
14789
9853
209
2518
11536
25740
23877
68126
17371
23763
95549
1124
3662
19642
10991
4349
183829
725
129346
934393
87491
19611
1281
13929
14096
429
49703
45446
53743
48747
58244
11044
546
95322
9537
158535
20364
29676
88587
103520
233636
328
51
105039
11063
6589
16301
78082
11267
2250
73059
2792
21164
49759
2251
1929
72596
22280
149004
6533
2531
30795
37716
22502
24684
3325
95921
14954
19262
12838
56305
55971
59103
407
36962
100248
26157
44160
6056
144799
85665
459
14280
16216
17873
45797
29113
18106
12019
10661
23363
2551
13409
59035
19261
3663
22067
165542
9605
51031
10969
41617
15933
166
342721
31536
199
28882
30923
111820
39663
54573
44414
62516
2429
19134
4886
35593
107072
2155
24171
42465
1866
327005
9563
37740
22501
78010
5363
2201
10088
156587
29808
55382
22714
3376
17747
1285
9325
11868
2995
7220
10362
10207
91218
66956
28947
162700
9131
8248
7111
7490
54032
78391
18722
71277
21235
395
141443
50
12076
2820
23511
131851
1411
6983
4918
45806
255099
45630
70193
41197
37639
10124
146
4917
1232
8358
281275
3125
33633
3375
22214
1244
8827
1631
49977
5045
31372
18376
8851
3174
125
49566
127883
50489
34158
85790
35474
2072
591
90482
18195
2075
84
77794
2278
262
38940
3359
640
1236
47664
72529
60813
80386
3100
6948
255831
1286
48602
16077
50558
1010
44772
7006
10702
40731
11605
47800
25149
334
8912
3696
35886
18464
10279
147330
13256
8558
42544
512
169159
4111
163673
1504
5784
101388
61573
1002
18767
3595
2060
2276
8022
2780
26218
41677
19342
59901
1601
64040
298201
685
31344
4699
45423
76824
137069
30501
26349
41676
57867
1302
45702
1300
13421
2178
14963
13416
54605
5794
9120
2996
119225
15568
6852
242398
2576
134
61353
2553
36718
8149
60967
9119
3880
230
44613
7542
61328
42903
1032779
4330
10198
1673
75851
6503
510521
88117
2012
235876
5240
79149
2307
1104
2440
111
19999
263960
55588
31803
33051
428
288075
4238
12518
11384
60132
10280
50165
250270
53667
68343
50535
28564
59430
6643
66006
58239
22866
46393
2804
4082
97686
16407
14171
25588
11214
4789
9195
6574
45961
19707
2621
2115
5691
3189
2450
33582
6878
72945
60165
128326
35865
3950
718
232
31264
93995
150590
14333
4025
1196
41929
3066
132076
22087
7554
49138
11972
32941
10483
24556
7506
9912
4612
8204
31702
52710
36310
36696
108345
36144
5806
36719
11302
37537
697232
2781
1078
36720
432
84209
1127
72563
878
2296
2431
273597
38344
1782
15037
19905
27707
1423
25448
93741
6542
34395
336
4413
43042
125876
19719
20409
2430
7694
8992
2534
13295
37623
13513
4999
60863
3952
14886
3590
13442
171168
239945
12088
287082
195
358730
16500
391249
12179
8435
16260
1672
16582
127617
90901
47209
15577
64955
33266
88
114056
30829
5472
2202
4709
31427
23
17899
83695
12951
3557
2364
13205
50001
1139
10498
95593
1136
2294
13883
105193
968
993
8502
60696
1954
3143
29046
33921
1103
29198
670
462
124744
593
29180
1654
86
24476
1277
101084
9971
30255
2760
45956
111637
1625
87380
2588
10977
1066
7487
4391
1146
13512
88656
31699
83997
19570
13346
20255
55108
371
9590
21969
453
89
16276
35729
12564
327
19767
12361
169
22782
