########## k_38_lmd_1_length_547
8992
54573
10977
44891
1423
247359
33133
1631
14323
16562
9201
59035
108345
77474
60132
28346
262
163673
59239
149004
50165
231
273597
13205
8421
304490
54534
61834
16276
2075
7554
103672
48363
7694
19177
110708
213897
134
328
43892
36310
2760
18115
18491
598
1236
6542
5472
6533
80321
993
21844
3125
88
50554
50
4082
8435
52121
522825
17465
13680
3174
336
5965
8358
38344
15037
66160
1033
37537
7783
2781
21235
6193
36107
822
2294
12019
36922
177430
1921
67196
132076
10607
153402
53102
44745
8149
31264
4532
62133
85790
20409
8851
327
7678
60696
58158
22866
19800
24484
718
34395
109179
17546
1005
127
62975
76976
45806
106309
3595
9195
45630
37623
1222
430
41929
1353
5045
1538
125876
92302
13513
110846
24894
556
1479
46393
13883
147330
1233
44
8502
93741
111435
5235
60967
190852
36470
103062
36718
49566
2201
16450
6895
68349
88768
1136
252891
55560
1104
90691
83315
47328
2307
453
15749
371
776
69011
1923
6574
87380
4132
175792
26566
56380
2250
60602
6898
12361
1953
51601
3359
41661
110
13346
158535
37740
11930
108492
8912
19906
16407
2903
35062
34158
5606
64955
15732
5240
52
4999
55371
9797
24322
2430
3145
13909
6635
137069
31619
19611
60133
63030
1801
7134
3663
10460
92728
670
16790
5229
1284
731
12951
77574
3340
2196
1601
95593
2905
72945
10088
3191
17747
281275
83194
40740
3304
2296
55588
83937
180075
2412
432
549
3143
42960
1232
31803
31372
101084
4238
13442
18148
37639
16320
12179
403
30949
38095
2115
4709
7111
12564
429
91842
9680
22501
22280
3376
3557
2363
163
10498
89
29198
387
35865
18028
697232
334
42912
50001
21774
25025
31427
21622
13254
105193
33266
2278
2672
16083
65234
13803
6138
8204
56305
36144
11302
127617
26047
3165
9331
11972
64215
6202
4413
16260
35759
38002
165542
46395
2531
37575
24476
55108
5940
96429
44558
14171
4472
19905
21969
1302
2621
25448
52193
57683
3467
28733
32941
60813
9913
67004
374971
2782
33523
92413
50108
199
968
37362
5691
9078
2774
859
9590
1286
79832
1146
6611
1002
29113
591
66956
1654
1127
83695
51
2588
6023
58946
1010464
124744
29180
3696
1954
68126
41717
16654
3100
87491
33582
168
2553
671977
932413
2710
43729
13000
107072
271401
3066
80878
462
2932
47209
69956
51381
28947
40731
1338
56094
146
26132
86
36719
70193
4403
18376
145
73059
1254
6305
141443
9507
1139
96101
7464
66984
128468
10279
35729
1277
33921
10280
22714
66369
103321
232
19707
52462
66114
2534
878
147711
3950
39033
1196
83997
383995
3904
2144
114
108
92101
109328
19719
2364
8558
19767
2027
30255
28564
1481
88656
206792
1625
4789
1078
112946
30158
137544
30511
36920
4612
88041
39663
18464
326401
654
64545
20255
97686
21164
14333
16216
21694
53743
13295
5615
33396
2996
593
58700
60165
25588
46228
570
84491
15577
1720
54032
2276
5806
30829
14059
3952
22114
8640
61799
27108
23
72563
67107
11214
23418
47800
24556
19570
5884
8466
29046
1411
71333
2202
37409
59901
1653
8347
11526
17508
49759
13512
9971
1531
17899
8248
446
1066
15933
22782
2981
1672
35474
2913
725
2072
200294
75336
45956
4338
3695
9711
6589
20364
4391
959928
3662
169
10591
43042
3366
11838
169159
333
36720
26473
93456
61573
22820
24737
