########## k_7_lmd_3_length_608
2364
68343
6503
9912
40953
934393
23877
4413
10279
16320
718
95593
391249
88587
56305
1302
167982
8665
5940
3189
12088
1285
60957
3143
69424
87032
1078
8248
24556
310488
35729
83162
43359
48602
62516
12019
47800
149311
3880
45630
15577
108345
12076
327
101388
72945
35886
35901
41929
4999
18195
21339
18106
290183
2534
154757
55971
1672
19570
16216
8165
2144
19342
5784
13295
263960
59035
72425
13512
2430
12361
141443
50165
50001
2440
22866
89
60863
12927
35474
4025
10207
598
7506
165520
173550
98073
6589
11972
7487
6895
29198
50494
3595
41197
281275
24171
14281
91218
11605
49566
114056
42903
88
7006
29113
14886
174398
61328
38234
75851
50558
298066
241
328
76824
72563
50110
44251
8851
49759
2710
1002
26349
11887
13421
11868
41661
199
21241
21969
60165
9869
95921
1103
7111
128326
2178
8912
47209
168
88485
1747
42544
36962
2202
2431
59901
50
202180
2296
40942
18722
19905
78010
1625
9563
91474
13346
24476
19611
16301
55588
12951
23763
510521
63337
13486
20255
132413
60967
89743
2278
30255
88656
137069
230
89240
3174
175792
2276
640
4349
30923
593
3100
20409
859
41676
78017
2072
456406
1032779
176866
216652
84209
88117
11267
163673
2429
23363
4391
358730
60862
51522
36720
7277
14280
1782
3557
124640
13205
273597
48747
52710
22502
4889
1626
31427
150541
14096
10977
2781
132076
9853
1036
10483
16260
172890
77794
37639
29180
3375
125876
27707
255831
3359
2995
5794
1631
25448
380594
111
196818
64040
60696
993
968
670
84507
1046650
159055
376399
18148
20161
14171
28947
119037
1196
33582
158535
45702
2115
59430
149004
3066
22782
83695
50535
148258
6533
80386
288075
7143
33921
44613
150590
8435
31803
100189
68330
195
1277
19262
37638
1601
7542
90933
26218
2305
7490
39134
156587
4238
9195
231499
7554
6983
13416
1010
6542
284699
77574
2760
31619
74216
127883
11384
336
2553
44160
51
31372
166
60132
5086
13256
731
169159
29158
18089
21261
23511
23
36718
85790
36144
1127
37740
10498
9131
54605
61353
2792
10978
878
37537
10569
1673
91945
36719
87380
1146
8763
100002
19707
16872
493
2012
57034
262
79149
24516
3662
636018
9641
86
9330
13929
6643
86573
15773
3696
46600
317834
10198
11214
1136
14333
41677
6415
242398
107576
12518
112946
171168
38697
2996
165542
26157
93995
3125
84
5045
9119
6878
463424
1504
5806
162174
49138
5472
109328
36696
90482
1139
13417
4789
5310
8204
22087
19767
169
3663
174612
147330
8502
55108
31264
53667
32941
95549
4612
1066
337003
4082
50489
40731
2250
38940
97686
22214
22067
11302
17747
4709
188267
44414
13883
31536
28564
250270
3950
2621
690
432
45961
1423
21979
16407
150225
60133
69618
86534
90901
3590
2804
239945
105193
342721
2588
45806
16582
19719
68126
13513
9605
10362
35865
38344
48060
1104
287082
60854
111637
24674
604603
9793
1286
5229
8149
1411
6855
1954
113579
33633
29808
83997
17899
16504
12179
1353
109750
278587
232
298201
10088
462
18002
19378
453
255099
22098
46393
19261
30829
22714
70193
34158
2294
15933
54513
327005
30501
19000
54032
131851
34395
2307
61573
18376
6435
43617
151663
29046
22501
53743
5174
36310
106309
31344
6574
377
428
16276
5691
31699
17873
58239
3173
4918
18464
3952
25588
43042
51031
64955
9120
12048
10124
41928
37637
8558
9590
78391
40180
20938
5240
99681
10280
25740
22695
1232
334
235876
146
5608
66956
127617
38631
60813
93741
49703
13442
101084
21187
117442
544
37623
8992
99641
16500
2075
407074
136639
45797
697232
25149
10984
28059
2450
371
15310
2531
66006
54573
33266
57609
2780
9325
87491
85665
9971
1654
12564
71277
7694
119225
3376
103520
31702
111820
45956
41870
15037
2576
124744
21235
