########## k_7_lmd_3_length_1894
1477
1731
1831
3204
2072
3605
1536
296
2536
627
2491
1777
2481
698
924
1356
1601
976
1976
3388
4121
734
3375
3242
4556
226
1208
1803
1226
780
693
765
711
1660
2277
1263
516
245
1288
269
272
4037
1330
812
201
339
2937
239
3534
313
1459
979
3030
2031
499
501
504
1420
410
1537
1867
1576
1685
3294
4229
800
493
2806
2081
3089
282
2723
1445
2078
1357
908
536
512
809
1524
810
3197
400
1158
2635
1935
3319
3356
2284
3637
4070
851
2480
4150
2916
2524
1351
1345
1628
2041
1260
2509
1682
200
2756
2909
1211
770
1232
1269
1227
210
3102
1015
2498
2500
2391
1068
2660
1883
2532
682
1055
2024
1855
5088
60
1568
2007
896
3299
2599
2
4471
479
1668
875
2692
939
807
919
3500
1284
3553
796
2009
2037
62
3513
1605
304
818
1249
935
218
783
3209
3234
3315
553
3929
1247
206
3066
1772
1276
1518
1773
2471
776
2663
2574
1415
2608
4120
3077
4620
2261
2174
4323
2467
1262
3850
1860
2893
3275
3285
3730
3891
528
437
2850
2011
3636
1511
1796
2595
208
3993
2421
1590
2861
3386
1411
3244
1341
3634
4140
1715
1136
1418
216
480
63
1417
2204
1834
2317
759
1434
2370
3106
1836
348
1416
859
2930
1311
1044
1168
1519
448
2384
1419
2809
1903
2545
4648
970
170
1713
1367
89
91
1374
738
1065
2049
2062
2778
1856
533
4130
2586
2489
3617
1064
3090
557
2107
1589
417
3368
582
3994
2127
209
2131
4172
1806
423
623
610
101
3687
892
211
2870
112
1528
4177
1144
3220
3211
3214
328
145
768
1476
161
2520
1195
772
3085
661
1328
1468
250
3288
1755
3535
2787
742
753
243
760
8
763
764
2650
1323
1807
1809
1813
1827
1753
3140
1322
819
821
1344
4432
1815
1370
1372
870
2216
261
1399
1402
288
2458
382
1529
396
406
3962
412
1953
1770
1447
2690
82
463
1794
968
83
1531
3069
4194
2073
4187
2602
555
1072
51
1094
2594
1741
2181
1163
144
363
213
244
953
1963
1333
2369
1355
1379
1235
421
1465
1482
673
980
754
319
1619
660
3861
687
2235
4305
337
3350
3710
1437
440
90
1012
1636
932
583
1389
792
13
665
1512
1500
4874
3000
1397
2191
2738
2591
4538
1991
938
1732
1691
14
15
2736
1766
4579
2401
4457
1739
2687
1475
2873
3
4693
2601
2623
1526
2656
219
3391
3550
704
2280
1508
356
593
982
4045
3349
3019
757
1250
1595
540
357
3162
1001
1617
746
858
508
747
509
2698
4551
1982
1318
3609
1627
4252
1748
1533
4253
1602
242
2470
217
863
2549
4263
1607
642
9
515
911
1053
2120
2728
1939
1161
951
1058
1473
3989
2448
1422
3664
645
1680
1059
1872
967
1472
2901
2002
4068
4858
646
2412
2711
365
1535
1157
1956
3670
1825
2771
1906
985
1400
771
3504
3127
3225
2882
326
227
1131
3136
289
4241
2776
855
3095
2303
1868
1484
860
1527
1062
2851
1612
2707
1718
3931
5316
4191
2535
95
307
3091
2617
826
271
2637
1409
2029
1501
1231
1540
109
2691
827
1217
2639
1398
647
1474
207
3372
314
19
20
21
23
2130
2144
1661
2815
3231
1852
685
689
25
2135
350
1652
240
1034
430
948
3424
2327
1252
962
2540
1319
341
537
3258
4302
692
601
697
2862
27
2596
3847
3139
1864
1132
285
710
2338
2138
2134
2845
786
3789
1384
1061
2074
1153
2514
355
549
4314
649
236
2680
3261
2559
2477
3544
756
1570
3412
327
2194
3199
2043
695
2482
1676
3180
1197
1944
2055
997
1334
4019
2034
3481
263
203
3048
1210
4144
3185
3569
1841
1431
2685
1380
4278
1050
4166
29
3236
1977
490
30
4212
1450
4358
1291
367
3302
2226
1224
576
926
1343
1346
1854
4330
1523
31
1448
32
253
2496
2908
2464
2265
2497
295
4013
2530
2505
2537
842
902
35
3812
1350
202
2320
1725
310
1659
2093
773
1877
4289
3198
1435
1381
1911
84
3597
2168
2318
231
2298
1945
5481
1516
3952
898
888
2887
1728
2166
246
2785
3076
278
92
3293
1149
2653
247
96
1216
3606
1491
1894
808
650
2499
999
511
3161
1525
249
2189
2259
513
1837
2153
2260
799
179
251
3355
1801
441
2079
1056
848
546
2714
336
1293
1502
2676
1387
836
4345
252
791
1767
1851
1057
1515
2197
1396
383
1376
2056
2201
360
2365
4002
10
1233
2215
2511
3159
2933
4988
607
4195
4372
872
254
1067
1593
2518
916
3201
3202
1586
1189
1292
1175
1594
286
1178
4007
3425
2253
2270
1961
1358
600
1151
491
1776
1303
352
494
256
11
257
559
59
2840
334
846
1313
306
4389
981
3176
2488
489
994
2507
2466
2308
1621
3064
1630
1631
551
61
1651
847
1307
3405
947
864
259
260
2351
488
1143
228
1654
3292
3190
1656
1697
2557
2173
1584
343
931
1694
2648
2567
425
1278
56
4513
1390
1710
2244
2279
3672
3371
4595
1010
778
224
2561
2276
2678
2038
4944
456
2686
2192
1478
2616
1717
308
782
2522
1890
1152
49
2584
2615
2247
3081
2451
741
1258
2712
2722
2983
229
1681
1775
232
3439
849
4377
3223
2876
2457
1786
2593
190
2267
2098
3376
3478
885
1223
4607
666
934
3389
1421
1816
318
2927
545
547
729
4650
1014
589
2063
2634
554
585
586
2200
415
2177
1219
1667
2853
739
590
591
1280
3456
3230
3995
1204
2044
408
2495
264
4142
460
608
3158
5340
784
906
2589
2729
1998
2605
4487
4397
2344
2118
1802
265
1353
670
1522
3237
4726
4211
1932
616
3442
268
64
735
148
1342
4516
347
2203
2145
744
3770
745
276
2450
2614
50
294
2515
2266
3552
903
299
1870
996
290
1261
188
701
1309
88
1386
1449
346
3352
316
1947
2059
2382
605
1908
275
3311
1915
293
1575
317
1707
2363
362
2447
3653
707
3817
3282
3310
2523
303
793
1117
1541
3338
1454
950
2452
1352
1493
510
2633
922
542
639
1196
432
433
1554
1957
1054
1027
1022
779
3104
3984
3790
1604
1246
1045
1266
1560
558
1426
1567
1598
668
274
1028
3353
300
4346
1490
1174
3804
1912
648
669
1992
0
111
3219
1626
270
3711
214
724
1234
801
652
1394
4139
3464
2630
428
708
4276
4442
439
3517
954
1735
1021
1569
94
833
1240
302
3094
2008
3163
3164
1840
2838
1730
248
2973
1936
309
1688
2620
2110
678
2198
4182
1499
3635
4827
3314
2553
2609
2905
2027
561
1914
3397
1236
2606
2006
2631
2735
1147
2780
584
1290
2469
2075
2433
3281
1893
2621
2186
587
2111
2080
3054
575
2225
3075
3313
4054
978
2082
694
2397
1616
87
2088
1114
3279
761
3188
3659
3291
843
79
3317
676
3082
1407
2206
1690
3249
204
262
2117
1671
1188
1191
1192
1193
477
2236
1194
2804
1228
1549
3633
1118
891
3784
3309
1243
2852
1244
3428
301
1763
614
2064
1401
529
1898
116
486
3715
134
191
3777
2455
1183
674
287
487
1485
2376
4402
2475
3471
937
1965
3342
2854
4011
2554
3232
3084
1655
225
2516
2154
1892
4057
4927
2819
758
2768
730
774
889
541
820
1256
2017
1285
3432
2046
1521
1013
3616
241
2563
3105
7
1967
476
230
3844
794
1274
609
37
3429
865
205
4018
552
841
3542
2434
1230
766
3012
2807
384
1456
867
2176
4152
2392
5093
2339
825
155
1927
3226
3111
3803
4189
340
2322
777
1173
3419
157
1513
868
158
1954
712
1517
3588
1555
596
3086
162
2476
915
495
514
1047
166
474
628
2720
305
1744
1600
2797
1727
192
1295
1273
3240
449
1632
1664
215
2681
907
890
1403
2551
388
389
1070
4391
3070
715
2546
1692
359
918
2582
2083
2657
1938
2494
3253
2345
1700
3297
4948
3345
1703
280
901
2716
813
2272
2846
852
2133
1043
1200
2388
416
429
1995
3307
3769
1879
862
1722
1428
1787
464
465
984
1514
478
2474
3243
2483
366
461
2290
1726
3795
1588
1774
4
2368
1711
910
671
544
740
1510
1818
2400
568
899
2033
283
3205
2104
3793
321
1702
1859
1347
3422
1289
3928
3212
222
672
929
2543
1888
567
1368
617
946
1206
936
3686
3333
781
3437
1395
3426
3287
445
2903
1820
223
1848
1369
2090
3746
1271
900
725
543
1658
1483
1128
2340
2487
1905
2172
909
1648
2456
713
1669
5
411
4102
281
662
2407
48
4418
447
1745
4333
3308
1778
4667
1797
1613
2445
342
1798
4655
1946
3129
4341
2525
1980
3365
531
4575
1689
4124
4129
2084
38
39
40
41
42
43
1779
850
1984
45
212
198
2283
46
2097
2105
923
220
86
2137
2139
2788
1051
3683
952
2472
2473
2493
1203
1768
2005
4086
147
905
187
197
2258
3727
2268
221
1530
233
234
2087
237
3579
65
4342
2501
681
1543
4083
1580
2089
255
258
1452
267
277
279
2910
291
297
2360
324
325
3459
3029
361
2682
2410
1542
2411
2413
2694
914
1229
2423
2597
344
831
2610
1571
394
4978
398
399
1154
2618
2485
2486
2490
446
426
2212
2512
2638
2642
473
482
349
4280
3254
2519
2538
2541
1011
2255
1887
2521
2527
1414
502
503
505
1340
3348
2045
2146
2564
3252
2573
532
431
2598
592
566
2534
424
2629
2640
2627
3458
602
2654
2619
442
3399
804
621
6
3290
632
634
643
4744
2704
664
2749
2746
2160
2727
4795
2847
2762
1049
3192
728
2550
4219
2794
749
750
751
752
2857
2817
2820
1042
787
3401
2526
2132
2570
840
1364
5221
854
857
873
2571
2484
93
3216
2377
904
1520
927
928
940
3228
963
2583
983
3157
992
2462
1695
1025
422
3088
1041
2510
775
4109
3357
2989
550
5123
3117
3119
2572
1199
3123
3125
1145
2506
2508
273
2579
2077
3134
3143
3137
2378
2252
4949
3626
284
1142
2262
3173
1592
3175
3466
3183
959
3187
943
964
2529
3194
1148
1641
893
66
3210
2858
1167
4215
1176
320
1268
2832
1177
1180
1186
3343
3238
1214
492
1683
1220
4060
3276
3277
3280
1238
3780
2592
1259
78
315
1294
1298
1900
1004
2140
3479
1994
2613
2622
3390
1348
1366
351
823
1383
1405
3366
1413
869
1427
1432
1919
1140
4716
1442
1373
4438
1455
1458
1138
3509
651
2354
3722
3581
3007
1538
1693
1
238
2109
654
1179
3611
3623
1724
3846
4981
2556
1599
1438
1391
636
2658
2542
469
2651
1624
1297
1637
1650
871
2659
4179
3756
3539
338
3706
1759
2390
1003
2539
991
4230
450
1832
1166
3855
3040
1874
815
4490
3933
1902
3972
3624
2737
1948
1008
3685
1743
1930
2102
2086
1896
4233
2677
1155
