0 4815
9 7519
17 4448
23 2849
23 3106
23 5284
23 39
23 5290
23 4400
23 3926
23 14360
23 986
23 445
39 1087
39 4191
39 5409
39 5410
39 5411
39 5412
39 5413
39 5414
39 5415
39 648
39 5417
39 5418
39 5419
39 5420
39 119
39 5416
39 3485
54 4817
55 559
55 3877
58 850
58 5925
77 8583
77 245
88 871
88 999
89 871
97 119
107 261
108 5290
109 3926
119 2852
119 4934
119 5352
119 353
119 5362
119 282
119 445
120 2852
123 7584
129 8309
130 2057
137 3926
138 1549
139 5290
163 743
163 9963
163 3892
170 3963
189 1874
195 10436
195 14326
201 406
225 14623
225 4249
225 3859
233 2850
233 3884
258 9377
264 3106
264 3963
264 3926
266 2991
266 5400
266 1141
273 870
277 2271
277 2879
277 8326
277 8603
277 16201
277 9776
277 15731
277 8600
277 8602
277 4795
277 8604
277 8605
278 3810
279 9648
299 8291
299 6483
299 300
299 852
305 2850
306 3106
306 1874
317 4674
317 5454
343 3963
353 1375
353 445
383 850
414 999
422 4448
428 4448
428 2849
428 870
428 5290
428 3884
428 1874
428 986
435 2784
445 3874
445 750
445 850
445 3892
445 3384
448 1549
449 2852
456 4851
456 4413
472 9648
494 751
510 5090
563 2057
563 986
564 7575
578 4249
578 3859
582 4902
585 1549
591 5352
600 6847
621 3549
645 3106
663 6305
675 3836
694 870
703 3877
731 3412
743 3892
750 4804
756 1520
774 3106
774 3926
775 6966
777 3106
780 4787
780 1325
792 3710
803 6679
842 2641
844 1874
852 2057
870 7372
870 5189
870 904
870 8374
870 14763
870 3052
870 8312
870 5209
870 8526
871 1168
878 4488
878 8310
883 7383
883 2641
883 5877
884 3106
891 8607
891 8608
902 1874
903 1549
904 1549
930 9377
931 10163
947 9648
947 1874
947 5290
964 9648
986 3839
986 5633
986 2275
986 3012
986 2149
986 10086
986 14759
986 14760
986 14758
986 3052
986 4303
986 7069
986 5209
986 10302
986 10491
986 2012
986 6973
986 8828
999 1168
1044 2849
1054 2057
1166 5290
1168 3926
1300 4815
1325 2216
1325 6364
1325 3683
1325 4928
1362 4815
1442 2849
1462 8625
1549 3859
1549 7955
1549 3305
1612 7720
1659 2852
1759 9648
1779 9648
1783 4249
1783 3859
1784 1874
1815 2849
1815 2852
1874 2944
1874 4865
1874 7347
1874 9476
1874 4752
1874 11539
1874 6036
1874 3840
1874 7969
1874 10018
1874 2471
1874 4038
1874 8495
1874 4147
1874 5305
1874 14814
1874 7611
1874 12862
1874 13429
1874 4550
1874 4296
1874 14793
1874 13902
1874 6200
1874 14817
1874 7889
1874 6228
1874 3384
1874 14808
1874 14809
1874 14810
1874 14811
1874 14812
1874 14813
1874 2910
1874 14815
1874 14816
1874 6753
1874 12770
1874 3557
1874 3941
1874 4966
1874 10985
1874 3700
1874 7797
1874 5367
1874 14776
1874 11187
1874 5372
1977 17098
2006 10191
2042 8583
2057 3588
2057 6990
2136 2852
2144 9977
2216 7383
2216 8147
2216 2641
2216 4787
2271 10384
2271 7541
2282 5290
2330 3926
2359 2852
2370 3926
2394 9648
2401 3603
2461 5290
2471 2852
2556 3106
2588 9648
2641 4418
2641 4706
2641 6760
2641 7383
2657 3810
2718 4249
2718 3859
2759 9648
2774 3398
2777 3858
2777 2778
2784 4075
2805 7087
2820 15730
2832 3165
2849 3839
2849 7813
2849 5001
2849 13068
2849 13200
2849 14750
2849 14751
2849 2853
2849 6706
2849 9418
2849 5451
2849 8526
2849 5209
2849 3677
2849 3052
2849 11631
2849 8828
2850 8264
2850 12330
2850 14769
2850 14768
2850 10203
2850 7305
2850 8798
2852 5248
2852 10117
2852 7185
2852 5266
2852 5404
2852 8098
2852 9051
2852 4014
2852 10801
2852 14770
2852 14771
2852 14772
2852 14773
2852 14774
2852 12728
2852 14777
2852 14778
2852 14779
2852 14780
2852 14781
2852 7230
2852 14783
2852 14784
2852 14775
2852 10018
2852 14776
2852 3673
2852 3803
2852 7904
2852 12264
2852 12526
2852 14782
2898 9109
2905 3106
2906 17087
2928 9113
3080 9648
3106 9061
3106 14807
3106 14774
3154 9648
3165 3963
3168 9398
3268 3926
3398 3753
3431 5290
3499 6071
3528 9648
3549 17088
3549 17057
3549 17090
3549 17091
3549 17089
3550 10213
3557 9648
3579 5552
3581 3867
3598 9648
3603 6198
3637 10617
3670 5805
3679 5010
3683 6698
3700 9648
3705 5290
3706 14700
3710 4787
3753 10064
3753 8597
3793 4369
3794 5263
3854 5352
3858 14719
3858 14720
3858 14721
3858 14722
3858 14723
3858 14724
3858 14725
3858 14726
3858 8617
3858 8618
3858 4794
3858 9426
3858 14684
3858 14685
3858 14686
3858 14687
3858 14688
3858 14689
3858 14690
3858 14691
3858 14692
3858 14693
3858 14694
3858 14695
3858 14696
3858 14697
3858 14698
3858 14699
3858 14700
3858 14701
3858 14702
3858 14703
3858 14704
3858 14705
3858 14706
3858 14707
3858 14708
3858 14709
3858 14710
3858 14711
3858 14712
3858 14713
3858 14714
3858 14715
3858 14716
3858 14717
3858 14718
3859 8617
3859 8618
3867 5290
3874 3875
3874 7670
3875 5284
3877 14623
3884 7523
3884 5189
3884 10086
3884 7175
3884 4744
3884 4076
3884 8526
3884 14793
3926 7175
3926 9642
3926 5259
3926 4076
3926 4302
3926 4047
3926 8264
3926 5853
3926 6398
3963 9258
3963 14215
3963 5289
3963 12189
3963 8264
3963 9642
3974 4047
3985 9648
3991 6012
4047 5362
4107 17023
4109 6910
4127 8381
4151 9648
4169 9208
4169 15237
4170 4357
4238 9648
4249 4250
4373 8309
4383 7359
4383 9377
4383 9652
4383 9653
4383 9654
4383 9655
4393 5290
4413 6203
4418 7383
4418 14700
4448 5370
4462 4815
4484 8276
4487 4488
4489 8310
4555 5290
4665 4808
4710 8036
4787 8037
4798 8132
4815 8298
4815 5182
4851 6203
4936 5290
4982 8003
4987 10112
5290 6450
5290 14802
5290 14803
5290 14804
5290 5485
5290 7665
5290 7034
5290 5801
5351 14360
5584 10848
5769 10287
5769 10288
5769 10289
5769 10290
5769 10291
5769 10292
5864 8037
6202 10043
6278 8320
6354 9648
6411 8147
6507 9489
6507 9490
6508 9489
6508 9490
6760 7383
7112 9648
7405 10118
7724 9648
7795 9648
8037 8147
8516 9783
8516 14661
8526 9648
8589 14053
8613 8614
8615 8616
9393 9394
9648 12929
9648 10410
9648 14770
9648 10548
9648 14782
9648 10018
9648 13274
9648 13111
9648 14776
9648 12635
9648 14821
9648 14822
9648 14823
9648 14824
9648 14825
9648 14826
9648 13430
10241 10242
10304 12324
11067 11068
11068 11069
13412 17038
14053 14325
14580 16418
