7 1044
8 67
8 68
10 9036
11 1999
11 4683
11 364
11 6421
13 792
23 2817
23 2002
23 563
23 445
23 87
23 220
23 4029
29 216
35 231
36 1866
36 3493
36 3398
36 39
36 42
36 3866
36 6829
36 110
36 647
36 375
36 3824
36 78
39 769
39 42
39 131
39 647
39 2562
39 279
39 3866
39 925
39 41
39 810
39 6829
39 430
39 4016
39 4017
39 4787
39 3765
39 445
39 3390
39 3398
39 3912
39 1866
39 4044
39 2509
39 2026
39 375
39 4049
39 5466
39 3818
39 3819
39 3820
39 3821
39 3824
39 241
39 3700
39 3701
39 3703
39 376
39 1787
39 3753
39 5373
39 5374
41 42
41 3398
41 3753
41 1866
41 4044
41 430
41 3824
41 241
42 3398
42 1866
42 4044
42 430
42 3824
42 241
42 3753
46 3793
46 4162
48 5056
50 6704
50 421
54 2657
54 452
54 5889
54 7725
54 655
54 3762
54 15122
54 3962
55 2351
55 551
55 429
55 4495
55 4979
55 4599
56 1881
57 1999
57 10125
58 108
60 777
60 3818
60 259
60 4673
60 1086
61 64
61 260
61 69
62 4673
64 69
64 260
67 68
69 260
70 4673
71 8445
71 6702
74 4303
74 824
74 1009
74 3066
74 4389
77 1088
77 3012
77 3015
77 4521
77 746
77 1803
77 2768
77 2769
77 4884
77 4670
81 4079
82 2755
83 2154
84 5226
84 99
84 85
85 143
85 12506
85 6115
86 231
88 89
88 4067
89 300
89 1168
91 2916
93 3833
93 4670
97 756
101 216
101 6497
101 6981
101 6582
108 1626
108 4642
108 137
108 1999
108 4670
108 286
110 3862
119 1375
119 264
119 9963
119 434
119 563
119 4246
119 2002
119 3803
119 220
119 1995
123 2943
126 2943
130 748
130 1054
131 2879
131 1375
131 3818
131 4127
131 1417
131 3702
131 3866
131 4855
131 14641
131 3700
131 3701
131 2198
131 3703
131 986
131 2876
134 5312
134 6138
136 6145
136 7381
137 2911
137 171
137 7572
137 601
137 158
137 3390
138 448
138 545
138 3211
138 585
138 139
138 2797
138 208
138 3857
138 3858
138 3859
138 3066
138 317
139 448
139 545
139 585
139 3211
139 2797
139 208
139 3857
139 3858
139 3859
139 3066
139 317
142 5024
142 6993
142 6700
142 6726
148 1054
156 4670
158 4941
158 3571
158 982
158 9082
158 5853
163 3892
168 6886
169 6886
171 4199
171 2911
171 2999
171 8085
176 8290
176 7917
180 1999
180 2916
183 1680
183 3433
183 3610
183 819
187 227
194 3362
201 2850
206 10125
206 3821
207 3898
208 448
208 545
208 3211
208 585
208 4977
208 2797
208 3857
208 3858
208 3859
208 3066
208 317
212 5196
215 6310
216 1698
216 528
216 6280
216 810
216 1999
216 304
216 925
216 9661
216 3832
216 953
216 4123
219 9274
220 3871
220 4143
220 4007
220 4136
220 4137
220 2571
220 3854
220 4139
220 4055
220 4054
220 1710
222 268
227 3743
227 2928
227 720
227 722
227 3453
231 4127
238 240
238 2838
238 456
239 5322
240 456
240 3872
241 1866
241 3398
241 4044
241 430
241 3824
241 3753
242 2824
242 3864
244 613
255 1054
257 4759
257 6634
257 1835
258 9520
259 1999
259 3818
259 3493
264 2176
264 1953
264 482
264 265
264 3755
264 3244
264 3756
264 9659
264 8445
266 5400
269 1417
276 277
277 9520
277 2762
277 4325
277 3772
278 2657
282 12402
283 2817
291 4929
292 931
307 6736
307 458
311 6250
315 2721
317 448
317 545
317 4389
317 3211
317 585
317 2797
317 3857
317 3858
317 3859
317 2280
317 3066
324 694
327 3424
327 6882
327 6375
327 6729
327 6488
327 6489
327 4894
332 917
338 2094
340 3971
348 2496
348 2953
351 2838
353 3402
362 1999
362 1836
362 5052
363 7888
363 364
363 365
364 2498
364 2755
364 365
364 1102
364 7887
365 3499
368 3402
368 3499
369 371
374 1125
375 10235
375 2026
375 2445
375 2509
375 376
375 2107
375 445
376 2026
376 2509
376 445
379 2879
382 3993
383 5283
384 3799
384 6285
384 1044
384 749
389 5121
392 863
398 721
398 482
399 863
400 17909
407 578
408 4103
410 2111
410 6167
410 4867
413 733
415 3872
415 9027
415 2468
415 2952
415 8684
415 2198
415 9019
415 9084
415 2781
427 591
428 1417
428 14641
428 4853
428 2198
429 6315
430 1866
430 3398
430 4044
430 3824
430 3513
430 3753
432 4299
434 4347
435 3848
435 3810
435 4549
439 6582
441 2128
441 1153
441 7475
441 8117
443 1999
444 1999
445 2026
445 4116
445 10261
445 3874
445 3761
445 5297
445 8506
445 15294
445 15308
445 2509
445 1999
445 1120
445 6628
445 6889
445 10602
445 755
445 8568
445 6078
448 6592
448 545
448 3211
448 585
448 2797
448 3857
448 3858
448 3859
448 3066
452 2849
452 986
452 453
452 3962
452 958
454 14953
456 7577
456 7578
456 2805
458 3864
458 2876
458 6736
458 4564
461 2724
461 2725
461 934
461 2002
461 15732
461 3478
462 3422
464 465
469 470
470 1375
470 1999
470 6689
470 1459
471 9090
471 11913
471 9488
471 5137
471 2067
471 10738
471 10486
471 10358
471 4941
471 9043
471 10072
471 10073
471 3559
471 4078
471 10737
471 2674
471 10739
471 10740
471 10741
471 10742
471 10743
471 10744
471 10745
471 8445
477 4611
477 763
478 1999
478 762
478 732
478 5402
478 12770
482 2176
482 4777
482 3755
482 3244
482 3756
482 8684
488 863
488 5337
489 8189
499 586
508 5774
510 4720
511 925
511 2894
519 3215
526 1999
528 1999
528 1836
530 6576
541 7705
542 543
542 1494
543 1494
545 3211
545 585
545 2797
545 3857
545 3858
545 3859
545 3066
549 1999
549 5774
550 6172
551 7357
551 8702
559 591
559 1161
561 2754
561 8131
561 2818
561 729
561 861
561 4670
562 3988
563 4127
573 9647
573 3864
573 1881
573 4079
583 8727
585 3211
585 2797
585 3857
585 3858
585 3859
585 3066
586 870
590 4051
591 7135
591 4015
591 4673
591 1156
591 4869
591 5096
591 5097
591 3818
591 4049
591 5102
591 4016
591 4017
591 4051
591 6681
591 2235
591 5103
600 2576
602 8445
605 3015
605 6970
622 1161
622 12330
629 2235
630 5774
631 5774
637 2496
637 675
656 5774
657 5774
658 5774
660 661
662 1999
665 3789
672 871
672 4047
674 5257
679 6087
680 792
682 1999
691 7115
694 2849
694 1475
694 870
694 4936
694 5136
694 4720
694 986
694 5211
699 7129
704 5774
710 9082
710 10486
720 863
720 722
721 863
721 800
722 863
729 8131
729 4670
732 762
736 3961
736 7115
737 863
738 1095
745 803
745 4988
746 7904
746 2657
746 17121
746 4521
746 7372
746 3693
746 6392
746 794
746 2909
746 4884
747 1705
747 2994
747 3826
749 7203
750 751
751 863
751 11529
751 4079
751 5879
751 3864
755 8512
755 3874
755 2407
755 5297
755 10329
762 1999
762 2271
762 763
763 1999
763 12770
764 7707
764 3797
766 1999
770 9379
771 2017
771 3397
771 2724
771 2725
771 12270
771 10129
771 3478
771 1688
771 5532
772 7203
772 4564
774 5774
777 4849
779 3094
780 3711
780 904
780 4813
780 3021
786 3433
790 4079
790 4868
790 5229
790 5228
791 5228
791 5229
792 3066
792 5322
792 11488
793 3066
793 7068
794 17123
794 4521
794 3693
794 3478
794 6392
794 7995
797 6198
809 1999
809 4296
809 4298
810 3397
810 7401
810 4426
810 1836
810 4813
810 1999
810 5879
810 3934
810 2044
810 7838
814 1999
814 5774
815 4653
817 2721
818 1999
818 6172
834 1588
850 1056
852 5353
852 4734
852 1054
861 6386
861 4670
862 8396
863 2696
863 2960
863 2966
863 5533
863 5023
863 3872
863 8303
863 2869
863 3643
863 3261
863 3134
863 3391
863 2756
863 2374
863 3541
863 1786
863 2404
863 1773
863 8302
863 8304
863 8305
863 1779
863 1141
863 3176
863 2938
870 1375
871 1356
871 1325
871 3934
880 2901
892 14662
895 4049
896 3979
896 1955
896 4526
897 8445
898 1056
898 1836
900 4108
900 4109
917 6087
918 2849
921 2849
921 2878
930 5774
932 3892
933 4354
933 6620
934 4407
934 10125
934 2724
940 2916
953 2733
953 6134
954 4434
956 3984
956 3893
957 5448
957 7969
957 3274
957 3644
957 14846
959 1999
960 1999
961 2239
973 5330
973 6371
979 7888
986 3839
986 3840
986 2849
986 3804
986 4936
986 1705
986 4172
986 2445
986 1966
986 1074
986 3827
986 3703
986 2878
986 2994
986 3805
986 3198
993 2361
1019 4079
1021 5195
1037 1999
1037 3772
1038 3792
1038 1417
1038 7956
1038 5774
1046 2975
1047 2975
1049 2657
1049 6085
1056 14904
1069 5330
1074 4172
1074 4693
1074 2878
1083 8787
1087 1921
1088 3833
1088 3693
1089 14404
1089 12342
1095 15260
1106 4941
1115 3550
1119 3320
1120 3864
1120 2545
1120 8445
1136 3142
1139 3993
1156 4869
1156 5001
1156 5101
1156 5102
1156 2805
1156 8568
1156 5240
1156 6681
1156 5870
1156 5097
1162 3864
1174 3079
1270 4787
1270 8269
1325 4047
1325 1627
1375 5280
1375 2756
1375 4936
1375 3703
1375 2899
1375 3700
1375 3701
1387 3716
1408 1456
1408 9417
1417 4127
1417 5348
1417 5349
1417 14641
1417 4079
1417 6481
1417 2805
1435 8149
1435 8150
1459 6689
1473 1703
1473 2361
1520 1999
1520 6390
1529 4127
1535 3906
1535 2718
1536 8236
1557 1999
1586 3834
1586 4116
1588 1655
1588 4227
1588 4226
1588 4228
1593 4872
1639 5877
1643 8647
1648 9400
1663 5774
1677 2805
1680 1999
1680 3433
1688 12270
1693 6172
1703 1999
1703 2576
1703 10123
1703 5702
1705 2849
1710 3819
1710 4853
1722 4601
1722 4164
1736 2783
1749 5774
1755 2805
1756 6075
1756 6076
1757 3513
1765 6736
1767 1999
1772 4720
1783 1999
1783 3831
1783 3906
1783 6834
1783 2718
1787 1999
1787 4874
1787 2044
1787 14885
1803 2721
1803 3012
1803 3015
1803 3020
1803 2575
1803 3437
1807 1999
1809 6931
1829 3872
1831 2805
1832 2706
1835 2200
1835 6634
1841 5033
1866 3398
1866 4044
1866 3824
1866 3753
1878 15723
1881 9647
1881 9104
1884 8956
1890 3962
1900 4079
1918 4079
1933 2824
1946 4172
1953 2749
1954 2749
1955 3979
1959 1999
1966 3839
1966 3840
1966 2849
1966 2445
1966 2545
1969 3809
1980 14662
1999 8191
1999 3073
1999 2562
1999 2570
1999 14871
1999 2307
1999 8219
1999 8244
1999 2109
1999 3594
1999 5702
1999 7768
1999 7274
1999 2160
1999 9331
1999 3704
1999 5248
1999 8321
1999 2184
1999 5769
1999 2698
1999 4760
1999 8355
1999 2212
1999 4787
1999 9400
1999 11450
1999 10432
1999 11972
1999 11973
1999 8992
1999 11975
1999 3274
1999 8993
1999 11974
1999 8404
1999 8405
1999 7899
1999 6371
1999 14885
1999 7401
1999 8428
1999 10482
1999 4351
1999 2316
1999 8981
1999 5918
1999 7456
1999 3361
1999 3362
1999 2343
1999 3372
1999 5949
1999 3390
1999 4426
1999 6992
1999 3934
1999 5986
1999 6014
1999 10114
1999 8342
1999 3980
1999 2498
1999 3015
1999 7118
1999 8655
1999 7192
1999 4057
1999 4060
1999 8671
1999 4075
1999 2553
2000 2755
2002 8433
2015 2501
2015 6345
2015 6346
2015 6253
2015 6254
2015 2383
2015 4274
2017 2724
2017 2725
2026 2509
2042 4670
2043 3015
2044 2562
2044 3948
2048 3864
2057 3492
2060 2943
2075 4638
2107 2108
2111 6167
2111 4867
2116 7475
2136 3105
2136 3558
2157 3984
2157 3893
2157 3894
2171 6730
2176 8487
2176 7434
2176 3755
2176 3756
2176 3244
2176 3314
2176 4714
2176 8445
2176 8503
2176 3864
2176 9642
2176 5085
2176 2749
2198 2805
2198 3703
2198 3804
2203 5228
2203 5229
2211 8586
2216 4787
2216 3021
2233 9400
2235 2805
2240 3683
2264 2916
2271 4665
2275 8303
2305 6367
2305 2947
2316 5774
2321 5440
2351 4599
2351 5209
2357 2824
2357 2849
2403 2943
2404 3872
2404 2838
2426 2756
2437 5283
2445 3839
2445 3840
2445 2849
2454 9035
2457 4952
2468 2805
2474 2728
2484 3967
2498 12034
2501 6255
2501 6253
2501 6254
2520 4922
2524 7870
2535 2916
2541 2601
2542 4440
2545 3839
2545 3715
2545 4421
2545 7179
2545 8528
2545 3571
2545 8467
2562 9661
2593 2715
2601 6501
2601 3678
2610 2910
2615 5306
2632 4450
2643 4079
2653 2805
2653 5254
2655 11024
2655 5989
2671 8684
2673 3945
2680 7776
2696 3134
2698 2910
2699 2910
2700 4498
2700 2701
2701 4498
2703 5774
2713 4982
2720 9139
2721 3169
2721 4726
2721 4727
2724 7684
2724 2725
2724 9318
2724 10125
2724 10129
2724 11958
2724 11959
2724 11960
2724 11961
2724 11962
2724 11963
2724 7997
2725 9318
2725 10125
2725 10129
2725 11958
2725 11959
2725 11960
2725 11961
2725 11962
2725 11963
2725 7997
2728 15423
2728 15422
2735 2977
2735 4587
2735 4588
2735 2916
2736 3971
2749 9642
2749 3756
2749 3757
2749 3314
2749 8955
2749 3806
2754 6198
2754 4670
2755 7871
2755 16611
2755 4683
2762 5879
2762 4325
2768 4670
2774 3257
2776 5322
2781 5879
2781 11529
2781 4082
2781 10091
2787 2788
2788 2789
2789 2791
2789 3173
2789 2790
2793 5774
2793 2838
2797 3211
2797 3857
2797 3858
2797 3859
2797 3066
2804 2953
2805 5103
2805 3875
2805 5100
2805 2952
2805 14641
2805 5101
2805 4853
2805 5001
2808 2809
2811 7019
2820 6778
2821 4111
2821 6635
2824 2837
2824 7622
2824 2827
2824 2828
2824 2829
2827 3826
2835 2836
2838 6022
2838 3752
2838 3760
2838 2839
2838 3867
2849 3839
2849 3840
2849 5400
2849 2994
2849 2875
2849 2876
2849 2878
2849 2879
2849 4936
2849 4170
2849 3804
2849 5086
2849 3826
2849 3827
2849 3703
2852 5400
2856 4986
2866 14611
2872 7019
2875 3864
2875 4936
2875 2878
2876 8138
2876 4936
2876 4172
2876 6736
2876 3703
2876 3804
2876 2878
2877 8138
2878 4936
2879 5254
2879 4936
2879 4170
2879 5281
2879 3703
2879 3804
2892 5774
2893 3864
2909 4109
2911 2999
2911 7572
2916 3050
2916 4587
2916 4588
2916 3130
2936 3015
2947 3000
2953 3890
2953 5774
2955 5858
2960 5774
2966 3134
2975 3362
2975 5491
2975 10114
2977 4587
2977 4588
2982 3142
2994 3826
2998 5774
3002 6172
3009 3244
3012 3015
3021 3683
3031 4070
3035 3867
3039 3834
3039 4116
3058 3142
3066 3211
3066 3857
3066 3858
3066 3859
3073 5774
3080 3312
3080 15102
3080 14256
3080 3081
3080 3478
3081 3397
3081 3312
3084 4526
3084 4020
3084 4060
3096 3867
3096 4526
3097 4079
3105 9412
3105 3558
3115 8006
3127 3142
3140 4079
3142 3386
3155 4432
3155 8445
3198 3819
3198 4172
3198 4693
3198 7446
3211 3857
3211 3858
3211 3859
3217 4755
3231 6436
3236 4079
3239 11529
3244 3755
3244 3756
3244 3823
3244 8084
3248 3818
3257 3792
3265 8684
3288 3643
3301 3792
3312 3397
3314 3756
3314 3757
3320 14737
3320 7915
3321 5774
3323 4079
3335 8019
3335 3979
3335 4014
3338 6304
3343 3871
3343 7493
3344 3840
3361 3362
3362 5372
3372 11000
3372 3513
3377 6727
3378 4079
3378 7179
3378 10309
3389 4170
3397 9949
3398 4044
3398 3824
3398 3753
3414 3433
3424 6488
3433 6016
3433 3557
3433 4038
3433 5607
3433 7783
3433 12498
3433 12499
3433 5305
3433 3610
3433 6427
3433 8958
3478 4354
3478 17123
3478 10125
3478 6392
3478 3693
3493 3819
3493 4172
3493 4693
3493 7446
3499 3869
3513 6177
3513 7493
3513 7494
3513 4749
3515 5105
3519 3943
3530 10131
3535 4170
3541 5170
3549 5306
3567 4450
3577 6172
3618 8684
3625 3818
3646 6098
3648 15311
3648 6549
3652 5774
3657 4461
3680 4759
3680 7019
3683 5009
3683 6698
3686 3922
3700 4127
3700 3703
3700 3804
3701 4127
3701 3703
3701 3804
3702 3703
3702 4127
3702 3804
3703 3818
3703 4127
3703 3804
3703 4855
3709 3764
3719 6465
3719 6466
3731 5446
3737 5774
3752 8684
3753 4044
3753 3824
3755 3756
3756 3757
3756 3758
3756 3759
3756 3760
3757 3758
3757 3759
3757 3760
3758 5774
3760 11529
3760 5774
3761 9090
3761 8445
3763 3962
3790 3863
3792 7457
3792 5348
3792 9739
3792 5648
3792 10716
3792 4068
3793 6355
3793 7175
3793 6376
3793 7635
3793 5069
3793 7475
3793 8439
3793 6968
3793 8030
3797 3822
3804 3818
3804 4855
3818 4116
3818 3999
3818 4015
3818 4016
3818 4017
3818 4673
3818 4049
3818 6994
3818 4051
3818 9963
3818 3820
3818 10105
3818 6395
3818 6313
3819 3871
3819 4673
3819 4134
3819 4136
3819 4137
3819 5862
3819 3820
3819 4143
3819 4853
3819 4054
3819 4151
3819 4140
3820 4137
3820 4049
3820 4143
3820 4016
3820 4017
3824 4044
3826 3827
3828 3984
3828 3893
3833 7102
3833 4670
3834 4113
3834 4049
3834 4114
3834 4115
3834 4116
3834 4117
3834 3835
3835 4116
3839 3840
3843 6354
3857 5895
3857 3858
3857 3859
3858 3859
3863 8445
3864 3867
3864 9865
3864 5230
3864 8727
3864 8467
3864 4941
3864 4443
3866 7493
3866 4853
3867 3874
3867 4987
3868 8857
3870 4670
3871 7493
3871 4853
3871 4054
3872 5599
3874 5297
3874 4125
3875 4853
3876 6699
3883 5400
3890 4977
3893 3984
3893 3986
3893 3895
3893 3896
3894 3895
3894 3984
3894 3986
3895 3984
3896 3984
3898 10126
3906 7401
3906 7472
3914 7179
3914 10309
3934 17590
3956 3957
3957 3958
3963 10167
3971 4482
3974 6378
3975 4079
3977 10109
3979 6121
3979 4688
3979 4823
3979 4253
3984 10911
3984 9100
3984 3996
3984 3985
3984 3986
3984 8347
3986 3996
3993 4261
3993 11975
3993 8878
3993 15280
3993 11798
4007 4143
4007 4853
4015 4673
4015 4017
4015 4016
4015 4049
4015 4051
4016 4673
4016 5095
4016 4049
4016 4051
4016 4116
4016 4017
4017 4673
4017 4049
4017 4051
4020 4526
4020 4060
4022 6433
4031 8430
4047 5879
4050 5774
4054 7493
4054 4853
4055 4853
4060 4526
4079 4354
4079 4868
4079 4104
4079 9090
4079 10139
4079 10019
4079 10234
4079 5823
4079 4172
4079 10231
4079 9082
4079 5584
4079 5230
4079 5872
4079 10228
4079 10229
4079 10230
4079 10103
4079 10232
4079 10233
4079 5630
4082 6460
4114 4116
4116 5248
4116 4673
4116 4117
4119 12770
4127 4855
4134 4143
4136 7493
4136 4853
4137 7493
4137 4143
4137 4853
4138 7493
4138 4853
4139 4853
4140 4143
4152 4853
4170 4171
4170 4172
4172 5235
4172 5234
4172 4693
4189 4191
4233 4239
4233 4236
4233 4237
4242 7115
4254 5469
4295 4406
4307 17920
4325 7066
4350 10126
4354 7439
4354 4818
4354 6837
4354 6620
4355 5210
4357 8568
4360 4810
4373 7293
4379 17058
4406 5915
4432 4857
4433 6581
4440 5168
4450 7885
4459 8047
4470 4975
4470 7656
4470 7657
4477 4478
4484 4485
4514 7608
4514 4689
4521 4884
4527 6598
4542 6274
4564 6736
4571 9082
4571 8445
4574 5774
4585 7486
4587 4588
4613 5425
4618 6952
4639 5774
4646 7499
4670 6271
4693 7446
4693 7447
4705 4706
4705 7547
4720 5532
4743 6300
4745 6989
4746 6883
4759 6198
4774 8467
4777 6679
4777 5147
4787 8269
4787 14871
4787 6014
4818 8417
4825 6656
4825 7714
4839 6675
4853 5240
4867 6167
4868 5823
4868 5228
4872 6828
4872 7182
4893 5210
4894 6488
4936 5086
4938 4939
4941 5584
4952 5211
4979 6315
4983 6094
4986 5312
4995 6282
4995 6283
4997 6782
5007 5008
5007 5009
5013 9963
5013 5014
5014 9963
5019 5020
5020 6171
5020 6530
5024 5039
5024 6610
5039 5094
5052 5536
5055 13790
5069 9543
5094 6198
5096 5103
5106 8684
5119 5667
5120 8684
5137 8506
5209 10050
5226 6290
5254 5260
5312 6099
5348 7956
5349 5774
5485 6096
5544 7288
5544 8234
5548 6172
5579 6172
5763 7242
5774 5908
5774 6169
5774 7456
5774 7457
5774 6051
5774 7076
5774 6064
5774 7463
5774 10027
5774 5938
5774 10473
5774 11078
5774 8577
5774 9484
5774 12508
5774 6170
5774 8882
5774 7285
5774 10488
5789 6994
5789 6995
5789 6996
5800 7338
5826 8117
5844 6191
5844 7586
5853 7572
5855 9671
5855 12399
5858 6743
5922 6595
5928 6438
5941 7781
5989 7239
6069 6629
6087 6088
6087 7235
6090 8100
6113 7758
6114 7758
6172 6173
6174 6175
6192 6193
6198 6199
6198 6200
6198 6201
6271 6712
6282 6283
6287 6641
6303 6719
6311 6312
6320 6516
6330 6331
6366 6367
6410 8331
6432 6569
6469 6560
6480 8290
6488 6882
6488 6729
6488 6489
6650 7493
6687 7458
6700 6701
6701 6993
6726 6993
6730 6731
6736 9090
6837 8417
6859 9971
6860 7639
7016 11529
7066 9520
7073 7605
7132 7133
7179 10738
7203 8554
7266 10156
7266 10157
7400 10907
7417 9090
7425 7426
7446 7447
7457 7956
7552 17916
7573 8044
7624 7625
7660 8253
7835 7836
7898 9328
7902 17121
7975 7976
8006 8007
8006 8008
8084 10130
8265 8684
8428 10432
8433 8445
8445 10309
8445 8528
8445 9812
8445 8568
8445 8574
8467 11912
8506 9647
8644 8652
8684 11941
8684 10282
8684 8688
8684 10228
8684 8930
8684 8923
8727 9090
9090 10309
9328 14891
9379 14584
9671 12399
9720 10050
10050 10051
10917 14891
11550 17037
12668 12673
12710 13200
14199 17037
