0 208
0 5290
0 2862
8 3106
8 3963
23 289
23 3876
23 294
23 5351
23 5362
23 5353
23 202
23 5360
23 4817
23 1874
23 5203
23 4276
23 54
23 282
23 4347
23 5172
23 4670
39 3106
39 986
39 3803
39 5290
43 870
47 4798
54 3876
54 5351
54 4013
54 119
54 4817
54 405
54 986
54 2460
55 791
55 2849
55 5290
57 3926
58 689
63 3106
63 5290
68 5290
68 3963
77 2849
88 1168
88 2849
88 299
89 986
89 299
98 3926
101 986
103 2850
107 1559
107 261
109 1874
109 5290
119 674
119 131
119 743
119 5353
119 202
119 434
119 4276
119 599
119 5266
119 282
120 3884
129 2849
129 986
129 8309
129 870
130 3588
130 2057
130 6990
130 563
130 852
130 1818
130 1054
131 852
137 9648
137 2849
137 986
139 870
171 353
172 7770
175 2850
175 870
200 9648
202 3875
208 3947
208 2862
223 1679
224 2850
227 2850
228 2850
228 5290
237 6153
242 3963
245 3025
264 986
282 2817
282 283
282 591
283 986
291 7098
299 2850
299 5381
299 1168
299 852
299 3963
299 1054
300 5142
301 986
301 3884
304 986
304 870
305 870
305 986
305 758
308 7093
343 9648
343 2849
348 5366
353 5290
356 3884
357 1818
375 3106
375 1874
375 986
375 2849
375 5290
384 2849
384 3997
389 986
405 4817
413 5290
415 9648
415 2849
429 986
429 3884
429 870
430 3873
430 3802
430 445
435 9648
435 986
435 5290
438 2849
438 5290
438 870
439 3966
440 6163
445 2849
445 3106
445 931
445 5290
445 6156
445 2850
449 3106
484 6605
488 986
490 986
546 2849
547 3106
547 2852
551 552
555 3106
561 3106
561 3635
563 4288
563 3876
563 2057
563 6990
563 1818
563 8091
563 3588
581 8589
582 4902
583 2850
586 3884
591 3966
615 870
637 5367
672 871
673 2849
673 986
675 4093
694 2850
694 2849
694 986
697 698
698 699
722 3884
733 5451
737 3963
737 3926
741 986
750 4804
758 2805
765 852
775 3884
777 2849
781 2849
782 986
792 6352
792 986
794 986
835 1874
835 986
835 2849
835 3926
835 870
836 2850
836 3963
839 3884
842 7383
852 3588
852 2057
852 6990
852 5353
856 2849
857 2849
858 2849
869 5366
870 3716
870 2566
870 6059
870 11786
870 2575
870 9922
870 4755
870 1325
870 4100
870 3868
870 2756
870 2735
870 3874
870 934
870 2728
870 4393
870 14762
870 3884
870 2357
870 10697
870 1981
870 3390
870 3394
870 2229
870 4421
870 4936
870 8905
870 6604
870 2002
870 5205
870 1370
870 3805
870 8542
870 7013
870 7912
870 5353
870 2854
870 875
870 8173
870 878
870 871
870 5489
870 4740
870 14761
870 10110
871 999
871 986
871 3106
875 3884
878 4487
878 4489
878 3926
878 5261
880 4127
901 902
902 2849
902 5290
902 3884
930 7359
930 9655
930 9652
930 9653
930 9654
951 6352
951 4382
953 2733
953 6134
956 2849
964 2850
967 986
986 8737
986 5254
986 8214
986 2817
986 1168
986 1325
986 6803
986 5013
986 4120
986 4247
986 14753
986 2076
986 13085
986 2336
986 3874
986 14755
986 14756
986 14757
986 4976
986 3739
986 4393
986 3868
986 4122
986 1076
986 2999
986 5305
986 12250
986 4155
986 5193
986 14752
986 8264
986 2849
986 2081
986 8526
986 5199
986 5111
986 14754
986 11476
986 3541
986 1370
986 14502
986 5853
986 8486
986 11212
986 3819
986 10861
986 1390
986 11337
986 1520
986 9061
986 13238
986 4982
986 5240
986 3710
986 1078
1011 6779
1044 1755
1054 2057
1054 3588
1054 6990
1076 9648
1076 2849
1076 5290
1077 5290
1078 9648
1078 2849
1120 1874
1141 3703
1166 2849
1325 2849
1362 3203
1370 5290
1375 7587
1375 7588
1457 3884
1458 3926
1465 2849
1501 2849
1501 2850
1503 3106
1503 1874
1518 3884
1522 9648
1522 2850
1522 2852
1557 2852
1620 2850
1721 2849
1726 3884
1787 3884
1835 2849
1835 5290
1841 3926
1847 2853
1874 3586
1874 6384
1874 4393
1874 14790
1874 3805
1874 9648
1887 2849
1887 3106
1887 5290
2002 2849
2002 3963
2042 3106
2052 5290
2057 6990
2076 2850
2076 2849
2076 3963
2076 3884
2081 2849
2089 2850
2089 3926
2118 2849
2118 5290
2146 3926
2216 8147
2239 2850
2357 9648
2401 2849
2401 5290
2416 2849
2435 5290
2436 3106
2543 4448
2549 2849
2636 2850
2639 2849
2639 5290
2639 3926
2662 3106
2662 2850
2662 3884
2701 5290
2715 2850
2728 2849
2728 3106
2728 5290
2728 3884
2728 9648
2728 2850
2728 3926
2728 3963
2730 2774
2741 3106
2756 2849
2756 5290
2756 3963
2763 2850
2763 3884
2805 3106
2808 2850
2817 2850
2817 6848
2817 2849
2839 2849
2840 9648
2849 3071
2849 7172
2849 10252
2849 11342
2849 3673
2849 5211
2849 8287
2849 7795
2849 3705
2849 13947
2849 11388
2849 6783
2849 3205
2849 6285
2849 4768
2849 4290
2849 8394
2849 7883
2849 3789
2849 5853
2849 5353
2849 3840
2849 8452
2849 3854
2849 13590
2849 3868
2849 3874
2849 2854
2849 4393
2849 2869
2849 3384
2849 3912
2849 8521
2849 6986
2849 4952
2849 2952
2849 14743
2849 14744
2849 14745
2849 14746
2849 14747
2849 14748
2849 14749
2849 7088
2849 13238
2849 10167
2849 4047
2849 10203
2849 6111
2849 4076
2849 5111
2850 3840
2850 3586
2850 4867
2850 8256
2850 6187
2850 3083
2850 2945
2850 4367
2850 4112
2850 6803
2850 4501
2850 14766
2850 13085
2850 14767
2850 9122
2850 2851
2850 2853
2850 14764
2850 14765
2850 3868
2850 3761
2850 3805
2850 6968
2850 3996
2850 4158
2850 4368
2850 7179
2850 7885
2850 8526
2850 4817
2850 6617
2850 5211
2850 5873
2850 4264
2850 3959
2852 4739
2852 4302
2852 10161
2852 5209
2853 3106
2853 5290
2853 3926
2853 3963
2869 5290
2904 3884
2908 3106
2910 5290
2913 3106
2945 3926
2955 7077
2974 3890
2975 3884
2991 3703
2992 5290
2994 5290
2999 3106
2999 5290
3011 4347
3015 3106
3063 3963
3106 9087
3106 6528
3106 4610
3106 5253
3106 8255
3106 3977
3106 7179
3106 12561
3106 3868
3106 3870
3106 5290
3106 5041
3106 7855
3106 5305
3106 3130
3106 11337
3106 8515
3106 4421
3106 8521
3106 9418
3106 5195
3106 14799
3106 4855
3106 6992
3106 14805
3106 14806
3106 5209
3106 12250
3106 3805
3106 12517
3106 3557
3106 3433
3106 9681
3106 13430
3106 6267
3222 5290
3222 3884
3244 3926
3336 3524
3355 3926
3372 4984
3384 3884
3433 5290
3524 3884
3528 3884
3541 5290
3557 5290
3579 5290
3588 6990
3613 5290
3681 5290
3695 3926
3703 5400
3706 4418
3716 3926
3716 3884
3794 5263
3794 5275
3797 8005
3797 8039
3797 8040
3797 8087
3797 8088
3797 8089
3832 3898
3835 3926
3836 9648
3836 5290
3837 9648
3837 3884
3837 3926
3848 7813
3854 7633
3854 6966
3864 14354
3868 5290
3868 3884
3868 3963
3870 3884
3870 5290
3875 5354
3876 4817
3884 12042
3884 5903
3884 4881
3884 10264
3884 12654
3884 14789
3884 12422
3884 14791
3884 4147
3884 14792
3884 3905
3884 14787
3884 4421
3884 14790
3884 10446
3884 7127
3884 8542
3884 4960
3884 8545
3884 5353
3884 4982
3926 3976
3926 5257
3926 3984
3926 14787
3926 6172
3926 7969
3926 9131
3926 4910
3926 5040
3926 5812
3926 12808
3926 8508
3926 14785
3926 14786
3926 14788
3926 11337
3926 6347
3926 5076
3926 10454
3926 10071
3926 14137
3926 7523
3926 6122
3926 10861
3926 14584
3963 6274
3963 4112
3963 10269
3963 7457
3963 4139
3963 10161
3963 7354
3963 14794
3963 14795
3963 14796
3963 14797
3963 6481
3963 7014
3963 11497
3963 5615
3972 6352
3972 4382
3974 9648
3977 5290
3991 6985
4004 5290
4038 5290
4047 5362
4079 5584
4093 5366
4155 5290
4195 5092
4276 6188
4302 9648
4302 5290
4373 5156
4373 8309
4382 6352
4393 9648
4395 5290
4421 5290
4448 7538
4456 4623
4462 5182
4486 9648
4486 5290
4487 4489
4488 8310
4489 5261
4610 5290
4738 9648
4739 9648
4815 6443
4962 7765
4976 5290
4989 6526
5184 5290
5189 9648
5203 9648
5209 9648
5209 5290
5290 12332
5290 9312
5290 7798
5290 8312
5290 9855
5290 7306
5290 6852
5290 10911
5290 6314
5290 14007
5290 5305
5290 9921
5290 8922
5290 14801
5290 5876
5290 9465
5290 10020
5290 8519
5290 8521
5290 10893
5290 8547
5290 6715
5290 8595
5290 14798
5290 14799
5290 14800
5290 9681
5290 13784
5290 7588
5290 13285
5472 17041
5804 9648
6104 7188
6117 6118
6358 9648
6480 6598
7133 9648
7185 9648
7714 9648
8036 8041
8585 8586
9648 12332
9648 14787
9648 13137
9648 14818
9648 14819
9648 14820
