16 2805
45 2805
60 241
77 2805
77 9997
171 2805
195 14335
195 14336
195 8593
195 10788
195 10286
195 9160
195 9144
195 9145
195 9146
195 9147
195 9148
195 9149
195 9150
195 9151
195 9152
195 9157
195 9158
195 9159
195 4808
195 9161
195 9162
195 9163
195 9164
195 9165
195 9166
195 9167
195 9168
195 9169
195 9170
195 9171
195 9172
195 9173
195 9174
195 9175
195 9176
195 9177
195 9178
195 9179
195 9180
195 9181
195 9182
195 9183
195 9184
195 9185
195 9186
195 9187
195 9188
195 9189
195 9190
195 14333
195 14334
207 277
226 2805
241 551
241 10880
241 730
276 10010
276 10011
276 9154
276 9155
276 10012
277 1151
277 9215
277 9217
277 9218
277 9219
277 9220
277 9221
277 9216
277 9223
277 9224
277 9225
277 9226
277 9227
277 9228
277 9229
277 3598
277 9231
277 9232
277 9233
277 9234
277 9235
277 9236
277 9237
277 9238
277 9239
277 9240
277 9241
277 9242
277 9243
277 9244
277 9245
277 9246
277 6047
277 9248
277 14341
277 9222
277 8590
277 14338
277 6064
277 7859
277 9144
277 14339
277 9247
277 9153
277 9154
277 9155
277 9156
277 16198
277 16199
277 16200
277 8601
277 2679
277 14337
277 9230
277 14340
277 8591
277 9191
277 9192
277 9193
277 9194
277 9195
277 9196
277 9197
277 9198
277 9199
277 9200
277 9201
277 9202
277 9203
277 9204
277 9205
277 9206
277 9207
277 9208
277 9209
277 9210
277 9211
277 9212
277 9213
277 9214
349 2805
432 2805
484 6605
510 2805
528 2805
551 2805
566 2805
717 2805
736 2805
893 2805
1034 2805
1428 2805
1466 2805
1473 2849
1562 2805
1646 2805
1738 2805
1847 2853
1900 2805
2224 8592
2280 2805
2401 6241
2401 2805
2621 2805
2644 2805
2651 2805
2698 2805
2791 2805
2805 3074
2805 8200
2805 10764
2805 4123
2805 10275
2805 12836
2805 4133
2805 5163
2805 7212
2805 4155
2805 5182
2805 6723
2805 4683
2805 3662
2805 12642
2805 4693
2805 8290
2805 10361
2805 4250
2805 8348
2805 7855
2805 14002
2805 6323
2805 13511
2805 7897
2805 14630
2805 4853
2805 14072
2805 13050
2805 7433
2805 9484
2805 4887
2805 3352
2805 3801
2805 14625
2805 14626
2805 14627
2805 14628
2805 14629
2805 8486
2805 14631
2805 14632
2805 6956
2805 6445
2805 2862
2805 12080
2805 6968
2805 3904
2805 2887
2805 10057
2805 5451
2805 6480
2805 6482
2805 13655
2805 4962
2805 2917
2805 7527
2805 3955
2805 4157
2805 4981
2805 6527
2805 6533
2805 2950
2805 4488
2805 4000
2805 6575
2805 3007
2805 9163
2805 4049
2805 6620
2805 6622
2805 5091
2805 4085
2849 7088
3188 6992
3188 17042
3188 17043
3188 17044
3227 6992
3227 17042
3227 17043
3227 17044
3278 5853
3670 5805
