23 1054
23 39
23 563
23 2057
23 88
23 5211
23 130
23 1168
23 2849
23 3875
23 3803
23 5353
23 2805
23 2817
23 282
23 283
23 3874
23 299
23 5257
23 870
23 871
23 9963
23 415
23 434
23 445
23 2002
23 4347
39 119
39 1054
39 563
39 55
39 4787
39 88
39 130
39 131
39 137
39 674
39 171
39 2849
39 241
39 2805
39 3839
39 2817
39 282
39 3892
39 3398
39 353
39 445
39 4853
39 986
55 131
55 137
55 171
55 2805
55 2817
55 283
55 2849
55 3874
55 3875
55 299
55 3892
55 353
55 3984
55 428
55 429
55 2002
55 986
55 4347
60 777
88 89
88 119
88 1168
88 3819
88 2805
88 4347
88 2817
88 282
88 283
88 2849
88 3875
88 299
88 300
88 1325
88 3892
88 353
88 415
88 445
88 4047
88 2002
88 4076
89 1168
89 171
89 4347
89 282
89 299
89 300
89 353
89 871
89 415
89 4047
119 1054
119 563
119 2057
119 5211
119 130
119 5257
119 1168
119 674
119 3803
119 5353
119 9963
119 2817
119 264
119 282
119 283
119 3874
119 3875
119 852
119 353
119 870
119 429
119 434
119 956
119 445
119 2002
119 4347
130 3588
130 2057
130 1054
130 563
130 131
130 137
130 163
130 171
130 3244
130 694
130 3874
130 3819
130 4853
130 4347
130 2817
130 282
130 2849
130 1325
130 852
130 1375
130 1168
130 384
130 428
130 445
131 3819
131 137
131 445
131 5257
131 353
131 9963
131 2805
137 2057
137 2216
137 171
137 283
137 434
137 445
137 694
137 2817
137 2999
137 3588
137 3753
137 3839
137 3874
137 2002
163 3892
163 9963
163 2805
171 1375
171 674
171 2216
171 3753
171 3926
171 694
171 2849
171 3874
171 3803
171 2817
171 283
171 300
171 353
171 434
171 2999
171 445
264 2849
264 3244
264 9963
264 445
282 3244
282 3892
282 694
282 4347
282 2817
282 283
282 2849
282 3874
282 384
282 428
282 986
283 2817
283 1054
283 563
283 694
283 4076
283 852
299 384
299 3244
299 1168
299 300
299 694
299 986
299 1375
300 1375
300 4047
300 1168
300 434
353 4347
353 1054
353 563
353 694
353 2849
353 3874
353 3892
353 852
353 1375
353 870
353 428
353 4047
384 1044
384 1054
384 563
384 1375
384 1168
384 674
384 694
384 852
384 870
415 2952
415 1168
415 2849
415 986
415 3875
415 445
415 4047
415 3874
415 3803
415 870
415 9963
415 2805
428 3803
428 2805
428 3874
428 3926
428 9963
428 445
429 3839
429 3874
429 674
429 563
429 694
434 1375
445 1054
445 563
445 1168
445 3874
445 3753
445 3244
445 4787
445 2849
445 3803
445 5353
445 3819
445 4853
445 3839
445 3875
445 852
445 2999
445 2002
445 986
563 3588
563 2057
563 1044
563 3875
563 694
563 1375
672 4047
672 871
672 4076
674 5257
694 2817
694 5211
694 1375
694 870
694 4347
694 1044
777 2849
777 9963
852 2817
852 3588
852 2057
852 2002
852 3875
852 1375
852 5353
852 1044
870 1044
870 3926
870 4076
870 2002
870 1375
870 3875
871 1325
871 2849
871 1168
986 9963
986 1168
986 3244
986 2002
986 3926
1044 1054
1044 1375
1054 3588
1054 2057
1054 5353
1168 3819
1168 2805
1168 2817
1168 3875
1168 1325
1168 3892
1168 4047
1325 3874
1325 4047
1375 3926
1375 5211
2002 2849
2002 3874
2002 4076
2057 3588
2216 4787
2805 3244
2805 3803
2805 3819
2805 4853
2805 2849
2805 3875
2805 3892
2805 2952
2817 5211
2817 3874
2817 4076
2849 5211
2849 3244
2849 3803
2849 9963
2849 3840
2849 3874
2849 3926
2849 2952
2952 9963
2999 9963
3588 9963
3803 4347
3819 4047
3819 5211
3839 3840
3874 3875
3874 9963
3875 4347
3892 4047
3892 9963
3926 4076
3926 5211
4079 5584
4853 9963
