23 3839
23 1044
23 3588
23 39
23 434
23 563
23 2057
23 871
23 88
23 89
23 5211
23 119
23 130
23 1168
23 674
23 694
23 1054
23 3875
23 3803
23 5353
23 9963
23 241
23 2805
23 2817
23 282
23 283
23 2849
23 3874
23 3398
23 852
23 1375
23 353
23 870
23 384
23 415
23 428
23 956
23 445
23 4047
23 2002
23 4347
23 4076
39 563
39 55
39 88
39 119
39 130
39 131
39 137
39 674
39 171
39 241
39 2805
39 3839
39 2817
39 282
39 3398
39 429
39 445
39 4853
39 2002
39 986
55 131
55 137
55 4347
55 3839
55 2817
55 2849
55 3874
55 3875
55 300
55 3892
55 353
55 870
55 3984
55 428
55 429
55 445
55 415
55 2002
55 986
55 4076
60 777
88 563
88 445
88 89
88 119
88 130
88 131
88 1168
88 672
88 3244
88 3875
88 4047
88 2817
88 283
88 299
88 300
88 1325
88 353
88 3984
88 415
88 2805
88 2002
88 4076
89 171
89 1375
89 137
89 1168
89 4047
89 2849
89 300
89 1325
89 353
89 871
89 415
119 1044
119 1054
119 3819
119 563
119 2057
119 130
119 131
119 5257
119 1168
119 674
119 694
119 3803
119 4047
119 5353
119 9963
119 2805
119 2817
119 264
119 3588
119 282
119 283
119 2849
119 3874
119 3875
119 852
119 1375
119 353
119 870
119 2952
119 3984
119 415
119 428
119 434
119 956
119 445
119 2002
119 986
119 4076
130 2057
130 131
130 137
130 163
130 2216
130 4347
130 282
130 283
130 300
130 428
130 429
130 445
130 4853
130 563
130 694
130 2805
130 2817
130 2849
130 852
130 870
130 2952
130 986
130 1054
130 1168
130 3244
130 1325
130 1375
130 3588
130 3839
130 3874
130 3926
130 2002
131 3588
131 5211
131 5257
131 1168
131 674
131 3803
131 2805
131 4347
131 3840
131 384
131 2849
131 353
131 870
131 9963
131 445
131 986
137 2057
137 2216
137 171
137 4347
137 283
137 384
137 415
137 428
137 429
137 434
137 445
137 2817
137 2849
137 2952
137 2999
137 986
137 1044
137 3588
137 3803
137 672
137 3874
137 2002
163 1054
163 299
163 3892
163 264
163 2805
163 9963
171 2952
171 428
171 3874
171 3753
171 300
171 3926
171 1375
171 2999
171 445
171 353
241 3874
241 428
241 3398
241 4853
264 299
264 3244
264 434
264 3892
264 2849
282 3244
282 694
282 2805
282 4347
282 2849
282 3892
282 870
282 428
282 2002
282 986
283 2817
283 1054
283 563
283 2057
283 852
283 4076
299 3244
299 1168
299 300
299 3892
299 694
299 2805
300 2817
300 1168
300 1044
300 1325
300 434
300 445
300 1375
300 4047
300 870
353 1054
353 563
353 694
353 3874
353 4047
353 2817
353 2849
353 3892
353 852
353 3926
353 1375
353 870
353 2952
353 429
384 1044
384 674
415 3588
415 2952
415 2849
415 5211
415 445
415 1168
415 3874
415 986
415 870
428 3803
428 4853
428 2849
428 3874
428 3398
428 3926
428 2952
428 429
428 434
428 445
428 2805
429 3874
429 563
429 956
429 4853
429 2849
429 3875
434 2216
434 3244
434 1375
445 3803
445 2805
445 4787
445 4853
445 2849
445 871
445 986
445 1168
445 1325
445 1375
445 3753
445 3839
445 3874
445 3875
445 4047
445 2002
563 1044
563 5353
563 1054
563 694
563 1168
563 852
563 1375
672 3803
672 4047
672 871
674 2817
674 1325
674 2849
674 5257
674 870
694 2849
694 3926
694 986
694 5211
694 870
694 4347
694 1044
852 1054
852 3875
852 5353
852 1044
870 3588
870 2057
870 2002
870 2805
870 3839
870 3840
870 2817
870 3926
870 1375
870 871
870 4076
870 3875
871 2849
871 1325
871 3875
871 986
871 2805
956 3984
986 3588
986 5211
986 1044
986 3803
986 2805
986 3839
986 3840
986 2849
986 2057
1044 2952
1044 3875
1044 1375
1054 2057
1054 9963
1168 3875
1168 4047
1168 2805
1168 2817
1168 2849
1168 1325
1168 3984
1168 4076
1325 3588
1325 4047
1325 3874
1375 5211
1375 4347
1375 3926
2002 3875
2002 2805
2002 2817
2002 2849
2002 3874
2002 3926
2002 4076
2057 3588
2057 2849
2057 3875
2057 3874
2057 4079
2057 2805
2805 4347
2805 4853
2805 2817
2805 2849
2805 2952
2805 2999
2805 3244
2805 3803
2805 3839
2805 3875
2805 3892
2817 4076
2817 2849
2817 3803
2817 5353
2849 4347
2849 5211
2849 3588
2849 3803
2849 3839
2849 3840
2849 3874
2849 4047
2849 4076
2952 4853
2952 3892
2952 5584
2952 4079
3244 4047
3398 3874
3588 3892
3588 4079
3803 4347
3819 3875
3819 4047
3819 4347
3819 9963
3839 3840
3874 3875
3874 9963
3874 4853
3874 3892
3875 4853
3875 4076
3892 9963
3926 5211
3926 4076
4047 4076
4079 5584
5257 5353
