23 2817
23 2002
23 563
23 445
39 131
39 4787
39 445
39 3398
39 3819
39 241
39 3753
55 429
60 777
88 89
89 300
89 1168
119 1375
119 264
119 9963
119 434
119 563
119 2002
119 3803
130 1054
131 1375
131 986
137 171
163 3892
171 2999
241 3398
241 3753
264 3244
283 2817
384 1044
415 2952
428 4853
434 4347
445 3874
672 871
672 4047
674 5257
694 2849
694 870
694 986
694 5211
852 5353
852 1054
870 1375
871 1325
956 3984
986 3839
986 3840
986 2849
1325 4047
2216 4787
2805 3875
2805 2952
2805 4853
2849 3839
2849 3840
3398 3753
3819 4853
3839 3840
3875 4853
4079 5584
