23 672
23 2817
23 3874
23 4347
23 5353
23 2805
23 434
23 563
23 3803
23 445
23 852
39 130
39 241
39 55
39 3398
39 2805
55 429
55 3984
55 131
55 3892
60 777
88 2002
89 415
89 1168
89 4047
119 1375
119 2817
119 3875
119 3819
119 563
119 131
119 282
119 445
130 2849
130 163
130 870
130 171
130 4347
131 674
131 694
131 445
131 2002
163 9963
163 3892
241 3398
264 3244
282 2849
283 2817
299 3588
300 1044
353 1375
353 3874
353 4047
353 694
384 563
384 1044
415 2849
428 4853
429 563
434 3875
445 3874
445 3753
445 4853
674 5257
694 1375
694 870
694 5211
852 2057
870 1375
956 3984
986 1044
986 2849
1325 4076
1375 2817
2057 2999
2057 3588
2216 4787
2805 4853
2849 3874
2849 4076
2952 4853
3839 3840
3926 4076
4047 4076
4079 5584
