23 5353
23 282
23 4347
39 986
39 3803
55 2849
88 1168
88 2849
88 299
89 986
89 299
119 674
119 131
119 5353
119 434
119 282
130 3588
130 2057
130 563
130 852
130 1054
131 852
137 2849
137 986
171 353
264 986
282 2817
282 283
283 986
299 1168
299 852
299 1054
384 2849
415 2849
429 986
429 870
445 2849
563 2057
563 3588
672 871
694 2849
694 986
777 2849
852 3588
852 2057
852 5353
870 1325
870 3874
870 2002
870 5353
870 871
871 986
956 2849
986 2817
986 1168
986 1325
986 3874
986 2999
986 2849
986 3819
1054 2057
1054 3588
1325 2849
2002 2849
2817 2849
2849 5211
2849 5353
2849 3840
2849 3874
2849 2952
2849 4047
2849 4076
3244 3926
3926 5257
3926 3984
4079 5584
